1449137089.370518267 15 -14.0661 -13.1111 0.884007 
1449137111.170684687 15 -13.9178 -13.2409 0.892248 
1449137125.517935060 15 -15.2442 -11.4528 0.896135 
1449137180.216839808 9 -6.68715 -10.6408 0.783434 
1449137225.089470511 14 -12.7641 -9.4355 0.87965 
1449137266.158390807 6 -17.7402 -5.41022 0.804814 
1449137291.722567590 10 -16.8967 -5.14256 0.814692 
1449137342.124650630 14 -13.9302 -10.3885 0.808626 
1449137400.367472235 12 -15.1571 0.277722 0.743733 
1449137441.647999500 12 -16.1423 -1.09124 0.726545 
1449137443.449703158 12 -15.8178 -0.32819 0.760678 
1449137548.012197023 15 -14.9873 -13.3622 0.808625 
1449137642.789363481 14 -8.67479 -4.48634 0.88401 
1449137676.267786741 10 -13.745 -3.63665 0.879722 
1449137695.357014772 10 -14.3582 -2.95326 0.789189 
1449137722.175294383 14 -14.6825 -10.214 0.849115 
1449137780.993296144 14 -12.9383 -9.85195 0.828095 
1449137828.082050112 14 -8.46479 -12.7005 0.864756 
1449137848.811592750 9 -6.89483 -12.3236 0.763082 
1449137907.611455516 9 -7.52032 -12.4284 0.879467 
1449137934.208608961 9 -9.29257 -12.2254 0.875336 
1449137955.991205985 9 -9.56706 -11.8915 0.860825 
1449137978.122101691 9 -6.82521 -11.8366 0.79837 
1449138020.860712374 15 -14.7188 -12.7897 0.903161 
1449138040.427910249 15 -15.2627 -13.2009 0.813174 
1449138090.712685229 8 -9.61178 -4.75509 0.824032 
1449138118.611678967 8 -7.57658 -4.79595 0.838658 
1449138175.822063838 9 -6.45038 -10.0792 0.761693 
1449138202.320621132 15 -12.9665 -13.5264 0.818256 
