1449489198.395003757 15 -13.6993 -11.5558 1.07838 
1449489205.955482305 14 -15.3373 -12.9789 1.08121 
1449489226.515082271 10 -13.8789 -6.19704 1.08594 
1449489236.762188639 14 -15.0486 -5.48952 1.15638 
1449489294.715845971 15 -13.063 -11.1589 1.09673 
1449489325.392981527 14 -14.3526 -8.39261 1.15315 
1449489343.720954741 14 -14.3931 -8.36223 1.15567 
1449489358.670101407 0 -14.7389 -8.35887 1.07855 
1449489368.744501462 15 -13.2464 -10.7389 1.10043 
1449489403.769497537 9 -11.1324 -11.7833 1.07668 
1449489412.713707946 14 -8.59045 -11.5086 1.27829 
1449489542.517328743 9 -8.70275 -12.2366 1.06856 
1449489562.605261867 9 -9.50969 -11.5649 1.0724 
1449489612.128603402 15 -13.306 -10.0412 1.0861 
1449489640.040641837 14 -12.6825 -15.4057 1.21174 
1449489668.827789134 14 -15.2399 -15.9182 1.22152 
1449489702.371066270 13 -15.1889 -15.4432 1.07445 
1449489702.197150726 0 -15.2279 -15.4424 1.08402 
1449489726.630152737 9 -11.1307 -11.721 1.05519 
1449489744.087155179 9 -7.97437 -10.5265 1.06797 
1449489782.583986247 11 -8.93367 -12.277 1.23843 
1449489797.414477752 14 -7.90173 -10.5928 1.22687 
1449489799.420959982 13 -7.67105 -9.79859 1.22164 
1449489802.474711577 7 -8.09595 -9.75788 1.06009 
1449489802.058643087 1 -7.60706 -8.89259 1.22101 
1449489853.395600269 14 -12.5411 -2.27051 1.23746 
1449489853.786663067 12 -13.0044 -2.93851 1.06324 
1449489875.000638174 12 -13.1378 -1.90571 1.04031 
1449489954.100359317 15 -13.1398 -10.9861 1.09987 
1449489967.876213183 15 -13.2876 -11.2456 1.09392 
1449489972.055993719 13 -14.6642 -12.1332 1.20527 
1449489972.929056610 11 -14.4782 -12.3889 1.20529 
1449490017.744750656 14 -10.236 -5.20431 1.23024 
1449490016.803560938 7 -11.5446 -5.67137 1.08373 
1449490023.329645015 14 -8.9344 -5.13772 1.20847 
1449490050.828835674 1 -7.80954 -6.23106 1.06422 
1449490115.594907966 14 -8.04976 -11.84 1.02461 
1449490116.764122825 13 -7.82708 -10.7095 1.22656 
1449490164.477420270 12 -12.5456 -1.95516 1.05302 
1449490176.520068316 14 -14.223 -2.57762 1.03938 
1449490231.687597452 14 -9.90829 -5.1636 1.22724 
1449490246.078893864 1 -7.71424 -6.4019 1.06125 
1449490250.203105196 10 -8.16485 -8.40176 1.05644 
1449490283.435407002 13 -7.73195 -9.83251 1.28982 
1449490287.106938182 7 -8.30963 -10.098 1.06597 
1449490340.695884677 14 -14.3662 -3.84489 1.23132 
1449490354.499511397 14 -10.188 -5.17834 1.23195 
1449490353.822802981 7 -11.5028 -5.68356 1.09214 
1449490366.619195385 14 -8.10129 -5.85129 1.22403 
1449490374.275502748 14 -8.325 -6.25002 1.22524 
1449490389.769184848 10 -7.95082 -6.91082 1.05971 
1449490405.785716367 9 -7.7871 -10.546 1.05976 
1449490450.962234021 13 -9.23439 -11.2644 1.25731 
1449491184.152942599 14 -8.34697 -12.1776 1.242 
1449491192.315899738 14 -7.62776 -9.58558 1.28959 
1449491191.413087120 13 -7.68744 -9.61442 1.28869 
1449491252.759341234 15 -13.9525 -10.6404 1.11268 
1449491264.476054245 14 -14.9985 -13.0759 1.08987 
1449491282.988981016 13 -10.859 -12.0207 1.01758 
1449491324.585285512 13 -16.0063 -15.2557 1.06002 
1449491324.685555032 0 -15.9653 -15.1143 1.05798 
1449491332.729658055 14 -13.9806 -17.2072 1.06949 
1449491337.437620280 0 -16.2498 -15.8627 1.07916 
1449491382.615476594 14 -14.1474 -13.0293 1.08435 
1449491438.114225530 12 -12.3479 -2.04729 1.05214 
1449491481.346713770 14 -14.6094 -0.663341 1.22887 
1449491540.166414111 15 -13.2152 -11.0669 1.09681 
1449491574.854811495 14 -14.119 -8.23895 1.15272 
1449491600.499953209 15 -13.2841 -10.8892 1.10245 
1449491619.383171377 14 -14.73 -13.3025 1.0935 
1449491646.624690502 10 -13.4536 -6.09509 1.1023 
1449491655.309308312 14 -15.539 -4.58356 1.24989 
1449491659.292413176 14 -14.7574 -5.16382 1.09279 
1449491677.457114004 14 -16.0717 -5.82013 1.14338 
1449491782.620508309 14 -14.6962 -5.12196 1.08821 
1449491803.835438096 15 -13.9852 -10.5973 1.10173 
1449491812.209748548 14 -13.5995 -13.575 1.09488 
1449491841.662977784 14 -15.1305 -12.4862 1.05488 
1449491903.087682612 14 -14.1437 -2.61497 1.04113 
1449491911.484086872 13 -16.0931 -1.53095 1.04647 
1449491921.206428119 12 -14.1082 -2.46208 1.0485 
1449491961.975762360 6 -11.951 -4.73179 1.0819 
1449491966.365379474 10 -13.7616 -5.89402 1.09273 
1449491968.346690063 6 -13.1351 -6.24234 1.06819 
1449491994.705064202 14 -15.4133 -5.63941 1.15034 
1449492005.309535953 14 -15.8265 -4.29536 1.05387 
1449492029.241190298 14 -16.2794 -5.19103 1.2698 
1449492055.876249280 14 -14.9382 -4.88121 1.16011 
1449492059.862543560 0 -14.4387 -5.13207 1.15324 
1449492082.094867315 15 -13.2558 -10.4368 1.0988 
1449492099.459398730 14 -14.8372 -12.7269 1.0793 
1449492122.554175517 10 -14.1901 -6.65397 1.08927 
1449492126.303863169 14 -14.0735 -5.5398 1.19095 
1449492126.602424668 3 -13.9654 -5.67905 1.13681 
1449492135.407094545 14 -15.0198 -5.54454 1.13902 
1449492163.448104039 6 -16.8184 -3.32227 1.08509 
1449492180.555463002 14 -14.4672 -4.90781 1.15726 
1449492188.290941278 14 -14.6751 -5.19908 1.10486 
1449492209.472034832 15 -13.4264 -10.8846 1.09713 
1449492232.438314417 14 -15.1803 -12.8521 1.12714 
1449492253.152074185 9 -11.0008 -11.8265 1.05485 
1449492259.631731991 9 -9.14545 -11.4457 1.05975 
1449492275.413248740 14 -8.47421 -12.4915 1.24435 
1449492285.550051448 13 -7.65836 -10.169 1.28902 
1449492351.450863087 14 -14.9465 -2.19124 1.03966 
1449492369.798577186 12 -13.1839 -1.44425 1.06087 
1449492378.518443024 14 -14.8041 -1.49343 1.22518 
1449492436.903364068 15 -13.3514 -10.6629 1.09612 
1449492441.485200904 13 -14.5068 -12.2485 1.20389 
1449492445.208502576 14 -15.6203 -11.716 1.08833 
1449492463.843774089 14 -14.8956 -12.91 1.0633 
1449492511.445403388 12 -12.4097 -1.27239 1.06339 
1449492532.324739731 14 -14.468 -2.55634 1.03842 
1449492570.886810490 14 -10.0319 -5.207 1.22879 
1449492569.853439862 7 -11.3627 -5.88709 1.09159 
1449492586.557344480 14 -8.12178 -6.32813 1.06699 
1449492587.760068614 8 -7.99327 -7.08235 1.07537 
1449492588.496828033 10 -8.02158 -7.34915 1.06118 
1449492667.549295583 14 -12.3743 -2.25624 1.25201 
1449492667.793054151 12 -12.7516 -3.02603 1.05154 
1449492677.883851156 12 -13.5902 -2.42979 1.03929 
1449492686.917391919 14 -16.0734 -1.56081 1.04467 
1449492694.932151090 12 -13.3407 -1.86574 1.03272 
1449492716.190449458 6 -15.5 -2.83352 1.05447 
1449492724.128294036 0 -17.3996 -3.8592 1.15748 
1449492732.655513811 14 -16.2823 -5.00155 1.2817 
1449492756.889048599 0 -14.7192 -4.75966 1.16024 
1449492785.574813764 14 -14.7144 -9.30044 1.15876 
1449492786.039002277 13 -15.0521 -9.02472 1.02935 
1449492816.120663454 14 -13.9872 -8.19335 1.15799 
1449492869.148133531 14 -12.5485 -2.31402 1.04266 
1449492977.073041054 12 -13.6018 -2.13548 1.02286 
1449492995.766430004 6 -16.4319 -3.33564 1.07066 
1449493008.016103566 14 -16.2585 -4.70317 1.27248 
1449493018.310600771 10 -14.3204 -5.68558 1.08508 
1449493033.689173252 6 -12.7781 -4.73177 1.07674 
1449493065.355814864 14 -15.2926 -1.08424 1.24921 
1449493076.082462478 14 -13.2133 -2.01787 0.974063 
1449571107.706412413 0 -15.2852 -15.3731 1.08283 
1449571107.846269243 13 -15.2723 -15.4187 1.08319 
1449571170.973536597 10 -14.2493 -7.32835 1.09124 
1449571194.514855155 14 -15.9637 -3.61377 1.06276 
1449571209.709543850 14 -15.7164 -4.10144 1.05875 
1449571351.554991268 6 -17.6376 -2.79587 1.06459 
1449571499.117823550 14 -14.7021 -4.70313 1.11245 
1449571520.177981449 15 -13.0817 -10.6508 1.09788 
1449571564.961611411 9 -8.95085 -12.447 1.07009 
1449571590.566818610 14 -7.62074 -10.8575 1.23592 
1449571596.018211988 7 -8.20029 -10.5617 1.08905 
1449571746.909613562 15 -13.621 -10.7488 1.10092 
1449571788.648541269 7 -15.0061 -11.8141 1.14491 
1449571789.214584286 14 -14.6317 -13.4767 1.09759 
1449571841.561448659 9 -11.069 -11.7935 1.07707 
1449571860.833856138 9 -8.76387 -12.1727 1.06281 
1449571898.279275499 15 -13.2411 -12.4839 1.09416 
1449571948.252425696 10 -14.1422 -6.94136 1.09344 
1449571952.062711901 14 -13.6347 -5.71619 1.14547 
1449572724.666028691 7 -16.3973 -5.19274 1.28873 
1449572749.069831055 3 -16.9642 -4.84471 1.28775 
1449572753.420682592 7 -14.7934 -5.0724 1.15613 
1449572770.121529259 15 -12.7746 -8.37543 1.08011 
1449572786.526838200 14 -12.4628 -11.3646 1.10015 
1449572877.666913641 10 -13.1698 -5.73728 1.10486 
1449572888.600199269 10 -14.7841 -5.10585 1.0952 
1449572955.324036192 12 -13.8748 -2.07986 1.01864 
1449573005.062974006 14 -15.4804 -4.69109 1.15505 
1449573047.643052817 15 -12.8654 -9.13345 1.06778 
1449573069.634673716 9 -11.2561 -11.7454 1.06636 
1449573085.715405979 9 -7.84747 -10.5912 1.06994 
1449573199.557219083 9 -11.29 -11.7003 1.0633 
1449573226.074632271 14 -8.67113 -11.7137 0.988031 
1449573226.074632271 13 -7.96284 -10.8164 1.23067 
1449573249.254469847 8 -8.56956 -7.14891 1.08599 
1449573267.810752178 1 -7.93644 -6.51855 1.08251 
1449573271.393442608 10 -8.17906 -8.15938 1.06467 
1449573322.783872222 15 -13.234 -12.4949 1.09189 
1449573380.454653720 14 -14.2603 -8.32508 1.15439 
1449573435.676373088 9 -11.1308 -11.7346 1.07611 
1449573444.523138667 14 -8.34472 -11.5169 1.27773 
1449573469.086666381 7 -8.33978 -11.5364 1.0593 
1449573493.123323961 14 -9.29735 -5.90661 1.27982 
1449573517.522716555 14 -9.59082 -5.20035 1.23099 
1449573515.441626391 7 -11.3229 -5.58085 1.10687 
1449573527.564339610 8 -7.55893 -5.88309 1.09647 
1449573531.973033609 8 -8.5299 -7.08048 1.08275 
1449573624.260754449 15 -13.3687 -8.33444 1.0789 
1449573646.058756165 9 -11.1574 -11.7217 1.07238 
1449574022.831587018 14 -8.50316 -10.1301 1.24681 
1449585413.053023630 15 -12.9414 -9.50173 1.06753 
1449585481.433703138 7 -11.2504 -12.2974 1.10196 
1449585641.329796546 14 -15.6065 -5.35961 1.15437 
1449585668.641840956 15 -13.1375 -10.5646 1.09815 
1449585679.771227085 7 -14.3432 -12.2473 1.07493 
1449585694.821905317 7 -14.447 -12.1114 1.07572 
1449585739.156384619 9 -11.0369 -11.7315 1.06637 
1449585784.703029469 14 -7.76373 -10.301 1.22638 
1449585805.323838490 14 -8.97708 -6.07449 1.21567 
1449585913.836540080 14 -16.6297 -4.56131 0.93597 
1449585941.471546638 6 -12.253 -3.09785 1.1032 
1449585953.357389780 6 -13.0305 -4.43138 1.09818 
1449585953.924888657 14 -13.2993 -3.63414 1.26474 
1449585962.993614684 6 -12.9883 -4.88266 1.09485 
1449585964.470019819 14 -13.8888 -3.54893 1.23486 
1449585974.789807965 14 -10.3089 -5.19873 1.23307 
1449585989.870375388 8 -8.66714 -6.98434 1.08179 
1449586000.047396647 14 -8.70099 -6.99002 1.22774 
1449586016.347332349 3 -13.3435 -6.68433 1.10113 
1449586019.629168387 14 -13.493 -8.28392 1.07409 
1449586030.018638375 14 -14.2457 -8.20992 1.06914 
1449586043.442223553 15 -13.4613 -10.755 1.0961 
1449586058.057055195 15 -13.2293 -11.4173 1.10107 
1449586108.448997015 14 -10.1839 -5.19664 1.23103 
1449586115.339591433 12 -8.66257 -5.66187 1.22863 
1449586116.198038344 13 -8.30029 -5.69667 1.22544 
1449586167.482261838 14 -9.02646 -6.05655 1.22865 
1449586208.287797912 15 -13.7771 -10.3357 1.10794 
1449586214.921240988 7 -13.4382 -12.0492 1.0854 
1449586219.407839020 7 -14.5131 -12.2493 1.07516 
1449586231.888042939 14 -15.4237 -12.6748 1.09812 
1449586273.288787248 14 -10.2815 -5.21933 1.23312 
1449586280.289400232 12 -8.59284 -5.66312 1.22781 
1449586291.357139438 8 -7.64246 -5.76815 1.08998 
1449586299.865261580 14 -8.78924 -6.92666 1.23301 
1449586328.199832706 15 -13.1388 -10.5423 1.10882 
1449586336.002990996 7 -14.4609 -12.1045 1.07612 
1449586339.482180147 15 -13.1515 -12.2281 1.09777 
1449586353.102852310 9 -11.1068 -11.6598 1.07609 
1449586357.758863336 13 -8.92551 -12.2978 1.26568 
1449586359.228038479 14 -9.04023 -10.9446 1.06192 
1449586389.185635353 14 -8.02181 -6.71408 1.22141 
1449586410.341626443 14 -13.2808 -3.56912 1.25698 
1449586409.666693483 6 -13.03 -4.36726 1.10111 
1449586425.029735281 7 -13.5524 -6.82284 1.10775 
1449586432.762947487 14 -13.939 -8.59946 1.20848 
1449586448.964065889 14 -13.8861 -8.0409 1.07573 
1449586482.337481124 14 -13.4591 -8.07394 1.07653 
1449586505.362517804 14 -13.4507 -8.00503 1.07365 
1449586529.229375482 13 -12.1077 -4.16092 1.2349 
1449586533.683740348 14 -11.8662 -5.12696 1.22129 
1449586539.639431652 14 -10.4232 -3.96637 1.23147 
1449586552.525127697 14 -12.8324 -2.73069 1.22385 
1449586556.983662294 7 -13.365 -0.957961 1.19082 
1449586565.676929422 14 -14.3719 -2.15843 1.23366 
1449586583.019614524 14 -11.6679 -3.21177 1.24347 
1449586595.471723247 14 -11.8662 -3.11856 1.25926 
1449586598.880588797 6 -11.3661 -3.36366 1.09837 
1449586612.505770852 14 -13.8075 -5.86678 0.912377 
1449586652.304433256 14 -10.3937 -5.22869 1.23187 
1449586661.880117656 8 -8.58745 -6.94885 1.08013 
1449586681.463706489 9 -7.86955 -6.95466 1.06596 
1449586696.020031793 14 -9.32906 -12.3611 1.1297 
1449586719.320580690 7 -11.3461 -12.2489 1.10964 
1449586735.948291569 14 -14.0445 -5.59216 1.26045 
1449586747.263582375 14 -12.674 -2.706 1.22593 
1449586760.287076623 14 -14.3718 -2.13069 1.23349 
1449586766.815767254 14 -13.7437 -1.02448 1.2177 
1449586766.475600737 12 -13.7614 -0.595608 1.0307 
1449586798.683641585 7 -16.7923 -3.22919 1.11443 
1449586800.918870893 6 -15.7582 -5.45488 1.10601 
1449586809.557028019 3 -13.7002 -6.80765 1.1101 
1449586808.081501467 7 -13.2171 -5.9302 1.11949 
1449586817.590815942 14 -14.0941 -8.73669 1.21069 
1449586843.326957415 14 -10.2978 -5.21052 1.23135 
1449586855.207569019 8 -8.64567 -6.96641 1.08128 
1449586882.993498534 3 -13.0899 -7.00387 1.10047 
1449586893.163455548 14 -13.4695 -8.34631 1.07152 
1449586916.897970023 13 -15.0297 -5.93131 1.14304 
1449586938.554322046 6 -15.8655 -5.4043 1.10255 
1449586947.027287271 7 -13.8108 -6.7165 1.11203 
1449586959.508792066 14 -14.095 -8.11572 1.15122 
1449586968.742178353 15 -13.4308 -7.80807 1.07165 
1449586982.334391221 9 -11.1179 -11.7625 1.08495 
1449586988.326215112 9 -9.08656 -11.0042 1.06103 
1449586986.951699594 13 -9.10985 -12.1508 1.26305 
1449587023.974864981 14 -11.1323 -13.2781 1.21906 
1449587030.031819324 14 -13.6966 -12.7684 1.1573 
1449587033.410078064 7 -14.5514 -12.105 1.07882 
1449587036.554903935 15 -13.2024 -12.4242 1.093 
1449587051.017874944 7 -12.7854 -9.79805 1.10781 
1449587054.799638882 14 -13.4837 -8.45969 1.06945 
1449587087.368715198 12 -12.6586 -3.30676 1.05112 
1449587087.633097845 14 -12.8752 -2.77638 1.2269 
1449587090.878333599 14 -13.3957 -0.364825 1.24069 
1449587098.109847530 12 -14.98 -2.22919 1.03655 
1449587098.509253834 14 -14.5404 -2.01503 1.23354 
1449587121.504976699 6 -12.2247 -3.06793 1.10349 
1449587133.629687017 3 -13.6385 -6.84201 1.10914 
1449587140.216869599 14 -13.3901 -8.40038 1.07578 
1449587160.800386859 14 -13.6891 -5.2865 1.25855 
1449587183.897039359 12 -14.7374 -2.4992 1.03914 
1449587184.264670274 14 -14.3695 -2.17997 1.23214 
1449587206.992388827 6 -12.1355 -3.19568 1.09868 
1449587213.048371734 14 -12.3062 -3.97432 1.10299 
1449587218.741015747 3 -13.6621 -6.7772 1.1126 
1449587222.959945667 14 -14.214 -8.37814 1.16282 
1449587232.336288742 14 -13.5496 -8.24179 1.07931 
1449587270.819784133 6 -15.8881 -5.51371 1.10434 
1449587281.431837038 15 -12.7196 -7.9164 1.08982 
1449587308.315159691 7 -11.3095 -12.6335 1.1023 
1449587328.326904822 6 -13.3925 -4.06262 1.09565 
1449587328.897890243 14 -14.2184 -3.48462 1.2562 
1449587340.476819376 6 -14.1443 -3.90771 1.0977 
1449587341.147476377 14 -14.511 -3.54444 1.25748 
1449587351.322378478 6 -13.9907 -3.96906 1.11575 
1449587351.556247244 14 -14.5419 -4.06742 1.12192 
1449587382.183160039 14 -16.1374 -4.7718 1.14558 
1449587382.447195350 6 -15.6732 -5.38223 1.10703 
1449587389.006942573 7 -12.3688 -5.65897 1.10483 
1449587396.607204744 15 -13.2266 -10.4364 1.09954 
1449587397.611019855 14 -12.9351 -10.4829 1.02162 
1449587403.336112935 7 -14.4523 -12.1014 1.07464 
1449587406.817323094 15 -13.1494 -12.2236 1.09783 
1449587434.294672619 14 -10.3014 -5.21312 1.22957 
1449587438.581397295 12 -8.68022 -5.64645 1.22867 
1449587445.006541052 8 -8.62031 -6.94256 1.08577 
1449587449.593984510 12 -8.19623 -5.75854 1.22504 
1449587471.691071933 3 -12.8199 -5.42924 1.10723 
1449587479.446243483 15 -13.2518 -10.4591 1.10083 
1449587487.110420186 7 -14.4615 -12.0968 1.07531 
1449587490.595791400 15 -13.1201 -12.2013 1.09866 
1449587515.905415669 13 -15.4117 -5.0734 1.17306 
1449587537.894315948 6 -15.9045 -4.47878 1.09231 
1449587549.233679361 14 -10.3548 -5.17228 1.23468 
1449587555.594432756 8 -7.87195 -5.21472 1.08508 
1449587570.562200259 14 -8.63308 -5.89391 1.22098 
1449587577.688490694 14 -7.75236 -6.27979 1.06678 
1449587593.022330147 13 -9.37413 -12.1852 1.14013 
1449587594.225230916 14 -9.786 -12.1484 1.12574 
1449587609.484574381 14 -11.5724 -12.9048 1.23003 
1449587609.649276744 7 -11.368 -12.6099 1.10252 
1449587625.014001150 14 -14.3157 -8.2756 1.1579 
1449587635.562775744 15 -13.6351 -8.11894 1.07367 
1449587667.695827703 9 -11.1865 -11.7629 1.06993 
1449587679.437890163 9 -7.9957 -10.5055 1.06285 
1449587696.644373859 7 -11.3027 -12.4328 1.0983 
1449587714.252990700 14 -14.1517 -8.24012 1.15339 
1449587729.476669287 14 -15.1773 -6.09944 1.25418 
1449587742.432452741 14 -15.0699 -4.21564 1.23034 
1449587750.096226695 14 -12.0039 -5.0923 1.11481 
1449587752.644235406 6 -9.88376 -4.94318 1.09919 
1449587756.320611736 14 -10.3122 -4.17767 1.23141 
1449587796.457998372 6 -15.9185 -4.4019 1.09309 
1449587797.592951195 14 -15.7221 -4.07192 1.23679 
1449587808.072693265 14 -10.2301 -5.1878 1.23239 
1449587822.163201157 8 -8.66033 -6.98774 1.08382 
1449587842.279729033 14 -14.1219 -4.56371 1.08467 
1449587852.552855058 15 -13.2301 -10.4753 1.09966 
1449587860.483549377 7 -14.4526 -12.1074 1.07526 
1449587863.965726094 15 -13.1511 -12.227 1.09994 
1449587891.918808967 14 -11.3109 -4.1704 1.2518 
1449587896.667122907 14 -10.5789 -5.64005 1.10498 
1449587934.223038728 14 -17.3661 -4.30552 1.27871 
1449587935.727129537 6 -15.9381 -5.42184 1.10036 
1449587942.259192249 7 -12.5499 -5.52447 1.10372 
1449587946.342116826 15 -12.7202 -8.01838 1.08175 
1449588092.280765584 7 -11.6118 -12.7842 1.10568 
1449588111.619162333 13 -12.5346 -4.38021 1.2341 
1449588118.414247514 14 -10.5782 -5.69567 1.1045 
1449588122.429737039 14 -10.4179 -3.95361 1.23491 
1449588139.705015780 6 -12.9997 -4.34277 1.09401 
1449588140.270314580 14 -13.2842 -3.62094 1.25701 
1449588151.789200882 6 -13.0487 -4.20255 1.09545 
1449588152.323249368 14 -13.4285 -3.52488 1.2631 
1449588167.655179187 7 -13.324 -5.84157 1.11597 
1449588170.234747555 3 -13.5387 -7.28213 1.09893 
1449588173.578359593 14 -13.3231 -8.4506 1.07543 
1449588204.233607646 6 -13.0492 -4.332 1.10309 
1449588204.741750141 14 -13.3787 -3.59653 1.25984 
1449595745.304316475 14 -16.6784 -5.76427 1.2152 
1449595811.788924634 14 -14.1929 -5.60786 1.1957 
1449595817.619344261 14 -12.5431 -4.77213 1.20216 
1449595825.515342609 14 -10.2621 -4.16091 1.19321 
1449595890.516656443 14 -13.4943 -8.24956 1.0407 
1449595906.593449357 14 -13.5187 -8.16994 1.03895 
1449595923.906085102 14 -14.5892 -8.20133 1.12317 
1449595951.568729560 14 -14.2235 -7.92203 1.11802 
1449595984.989219494 14 -14.3587 -7.85924 1.12257 
1449595983.752874630 7 -13.4823 -7.9324 1.25934 
1449596035.341412930 14 -14.1478 -8.26945 1.2003 
1449596082.470428424 7 -14.2239 -9.217 1.06814 
1449596082.709037015 15 -14.223 -9.34786 1.06081 
1449596112.293378882 9 -10.9274 -11.7578 1.0064 
1449596119.152199508 14 -7.8494 -10.6381 1.20249 
1449596150.751913653 12 -13.0802 -3.70249 0.968883 
1449596152.928090488 12 -11.9402 -1.4286 0.99521 
1449596157.850066954 12 -13.9001 -2.58154 0.993182 
1449596173.113209955 12 -13.9137 -0.589211 0.984659 
1449596187.904054396 1 -17.358 -3.50211 1.20257 
1449596189.843880711 14 -16.244 -4.80064 1.10312 
1449596204.440291117 7 -13.3749 -10.5293 1.06507 
1449596204.303705229 15 -13.3408 -10.4385 1.07431 
1449596215.419846484 15 -13.153 -12.2228 1.062 
1449596215.652336552 7 -13.0839 -12.0915 1.04701 
1449596231.826069015 10 -13.6849 -7.35298 1.05691 
1449596238.747782193 0 -14.8218 -5.63931 1.07715 
1449596281.556567144 12 -14.7851 -2.41785 0.990226 
1449596309.411522862 14 -10.1849 -5.24107 1.21254 
1449596306.930896843 7 -10.6416 -5.03494 1.27744 
1449596314.734041217 14 -8.28785 -5.71811 1.20974 
1449596320.522459021 8 -8.60761 -6.96862 1.04486 
1449596331.226761392 14 -8.15107 -6.09105 1.03085 
1449596332.869237564 9 -7.92167 -7.18777 1.01583 
1449596358.506941427 14 -8.08535 -10.9952 1.20024 
1449596372.467859273 8 -8.52186 -7.12453 1.04409 
1449596377.388902421 14 -8.14561 -5.84236 1.20904 
1449596390.647122028 14 -7.97794 -6.56299 1.01666 
1449596406.139314421 9 -7.79991 -10.5551 1.02006 
1449596418.490814360 9 -7.84138 -10.4579 1.0219 
1449596432.650934283 13 -7.77477 -10.6775 1.20026 
1449596465.286946343 10 -14.6946 -5.39477 1.05755 
1449596471.376741303 14 -15.0301 -5.632 1.19403 
1449596482.049932039 14 -10.3124 -5.22035 1.21452 
1449596490.660259564 8 -8.03483 -6.89374 1.04169 
1449596495.541188729 14 -8.22613 -5.76563 1.20966 
1449596515.925180981 14 -10.2929 -4.0642 1.19616 
1449596563.048883222 14 -12.089 -5.12379 1.16027 
1449596571.857317796 14 -10.3275 -4.11912 1.19523 
1449596595.148789788 12 -13.1962 -2.69381 1.0024 
1449596606.037377362 12 -14.701 -2.45322 0.995664 
1449596633.680682894 14 -10.1152 -5.43471 1.21332 
1449596648.577310515 8 -8.62264 -7.00366 1.04041 
1449596658.412358082 14 -7.94732 -6.10818 1.01518 
1449596659.850744388 9 -7.94429 -7.19307 1.01654 
1449596674.345721088 3 -9.45115 -12.7128 1.04441 
1449596674.345721088 14 -9.28774 -12.7934 1.05384 
1449596734.829837360 14 -15.8654 -5.09316 1.11676 
1449596746.339879788 7 -12.9539 -8.75706 1.02694 
1449596745.676449367 15 -12.7871 -8.24315 1.01149 
1449596776.331521037 9 -10.9659 -11.7432 1.00405 
1449596782.462911561 14 -8.06017 -10.8396 1.19759 
1449596800.964703454 14 -8.31257 -4.59196 1.10971 
1449596826.403304716 12 -12.4379 -3.22741 0.977916 
1449596830.891209554 14 -13.4741 -1.19057 1.28481 
1449596839.691093912 12 -14.7566 -2.46391 0.992739 
1449596862.889018953 14 -10.2709 -5.25356 1.21235 
1449597092.097381153 9 -7.81905 -6.88845 1.01657 
1449597103.685138916 9 -7.75552 -10.5383 1.02015 
1449597119.350678260 14 -7.77226 -10.5882 1.20104 
1449597150.342096988 10 -14.7019 -5.36588 1.05526 
1449597161.485237839 14 -14.2707 -4.3577 1.01084 
1449597172.160449735 15 -13.2164 -10.4921 1.07151 
1449597172.897247250 7 -13.308 -10.1917 0.982433 
1449597175.811707666 14 -14.846 -10.4707 1.02336 
1449597181.973227915 15 -13.1361 -12.2216 1.06302 
1449597182.208207830 7 -13.0891 -12.0933 1.04837 
1449597201.216568238 9 -11.0784 -11.7673 1.025 
1449597213.464774803 9 -8.04957 -10.5116 1.02218 
1449597226.821317228 3 -9.2447 -12.1881 1.04131 
1449597227.257804851 14 -9.35046 -11.9756 1.0711 
1449597249.283092851 14 -12.2972 -14.1721 1.04449 
1449597300.727405388 14 -12.7755 -3.03395 1.19093 
1449597322.480279283 12 -13.3718 -2.5884 1.00173 
1449597333.731414500 12 -14.8397 -2.54859 0.992521 
1449597341.125413929 14 -15.236 -1.06931 0.995816 
1449597346.046806686 14 -14.9476 -1.8142 1.20458 
1449597379.955033063 7 -12.8667 -8.59545 1.02216 
1449597379.417837579 15 -12.755 -8.09386 1.00945 
1449597410.511377675 15 -13.1737 -12.4376 1.06147 
1449597410.750371748 7 -13.0926 -12.3082 1.04886 
1449597443.212409703 14 -11.693 -4.64726 1.24033 
1449597452.418757332 14 -11.5998 -4.34388 1.23889 
1449597504.466522639 12 -14.6739 -2.38018 1.0067 
1449597538.779628491 7 -13.1834 -8.02104 1.00746 
1449597538.676978149 15 -12.9987 -7.93526 1.01822 
1449597586.104007603 14 -12.548 -4.33095 1.19478 
1449597595.744859982 14 -10.4569 -3.92869 1.19645 
1449597612.879590405 14 -10.5578 -3.93004 1.19666 
1449597640.125606118 7 -14.0437 -10.2825 1.06675 
1449597640.459659598 15 -14.017 -10.4067 1.06889 
1449597644.913802071 15 -13.1031 -12.1891 1.07028 
1449597645.147122131 7 -13.1083 -12.1684 1.05409 
1449597682.632932473 12 -12.473 -3.24635 0.984797 
1449597697.160849986 12 -14.7416 -2.48573 0.993813 
1449597714.397655647 12 -14.749 -2.4137 0.994522 
1449597738.532939260 14 -10.2934 -5.26738 1.21306 
1449597746.260859713 14 -8.12271 -5.8245 1.20987 
1449597751.952759497 8 -8.61013 -6.98696 1.04315 
1449597763.140322408 14 -7.98869 -6.73198 1.01933 
1449597791.823838527 14 -7.81867 -10.904 1.20167 
1449597820.271836743 14 -13.7181 -3.35308 1.18906 
1449597840.553096657 15 -12.8111 -8.30323 1.01389 
1449597841.121100481 7 -13.0257 -8.7403 1.02636 
1449597851.029591203 14 -12.1199 -11.2435 1.04056 
1449597872.616067703 9 -11.0977 -11.7489 1.01759 
1449597883.497170646 9 -8.04103 -10.4861 1.0213 
1449597911.979320544 14 -7.98015 -10.7865 1.20457 
1449597911.378233465 13 -8.16617 -10.9629 1.20038 
1449597927.544474254 8 -8.74667 -7.11156 1.03223 
1449597932.564784429 14 -8.14402 -5.84079 1.2091 
1449597944.550715163 14 -8.14438 -5.8647 1.21153 
1449597997.498771323 14 -12.4292 -5.10309 1.20428 
1449597997.230898817 11 -11.9911 -4.92038 1.28415 
1449598007.107111732 14 -10.3732 -4.10187 1.19477 
1449598023.341841426 14 -14.8923 -6.37256 1.19226 
1449598023.138539411 12 -14.0401 -5.52254 1.28047 
1449598034.289204783 14 -14.413 -3.51787 1.20692 
1449598046.903868806 15 -12.865 -8.26988 1.01453 
1449598047.505816774 7 -12.9783 -8.80327 1.02814 
1449598076.706614691 9 -11.5528 -11.6163 1.00805 
1449598084.440610695 14 -7.81223 -10.5832 1.20324 
1449598117.477133811 14 -7.90636 -6.61319 1.017 
1449598159.545250862 0 -15.0379 -14.9779 1.00401 
1449598267.459025700 13 -14.1833 -15.6614 1.04798 
1449598267.529165944 0 -14.1623 -15.5598 1.04049 
1449598298.920497992 10 -13.4344 -6.27319 1.07711 
1449598326.643823197 7 -12.9693 -8.83296 1.02577 
1449598326.068852057 15 -12.8508 -8.35843 1.01843 
1449598336.512943647 14 -12.1483 -11.26 1.04487 
1449598357.296640841 9 -11.6935 -11.7453 1.00334 
1449598363.388771830 14 -8.38581 -11.2478 1.203 
1449598364.760176835 13 -7.92903 -10.7386 1.20244 
1449598378.248389047 14 -8.66283 -6.1279 1.20994 
1449598388.628124119 14 -8.41718 -5.91376 1.21094 
1449598396.356494705 14 -7.82163 -6.77585 1.01568 
1449598419.656282632 9 -8.23128 -10.3604 1.01516 
1449598434.987519189 14 -7.93143 -10.9412 1.2007 
1449598499.987518149 14 -12.5566 -1.14518 1.24777 
1449598506.475002275 12 -14.7359 -2.41594 0.995782 
1449598525.765808938 14 -15.9794 -4.58704 1.19877 
1449598533.190605805 14 -11.9762 -4.00229 1.19497 
1449598543.494797278 14 -10.5392 -4.00628 1.19811 
1449598607.090223579 12 -14.8719 -2.29354 0.988963 
1449598618.606227626 12 -13.5522 -1.81999 0.990423 
1449598657.802426434 14 -13.9785 -8.15474 1.11799 
1449598682.371288475 14 -10.1384 -5.21059 1.21766 
1449598691.506268057 8 -8.64995 -6.93904 1.04258 
1449598696.290506312 14 -8.24139 -5.7118 1.21068 
1449598729.129141116 15 -12.9839 -10.5819 1.06619 
1449598729.266131452 7 -13.0203 -10.6681 1.05483 
1449598739.469342197 15 -13.1485 -12.2463 1.06436 
1449598739.705858032 7 -13.0869 -12.1147 1.04911 
1449598756.105183258 9 -11.1573 -11.7782 1.01869 
1449598764.655693701 14 -7.70765 -12.3119 1.19677 
1449598768.793042589 9 -8.01736 -10.528 1.02876 
1449598782.219329521 14 -9.33413 -12.065 1.06289 
1449598782.219329521 3 -9.48509 -12.0549 1.05036 
1449598821.084120999 14 -14.3665 -5.41121 1.07438 
1449598822.956087591 0 -15.6414 -5.63887 1.09153 
1449598854.958620955 7 -12.8982 -8.69732 1.02083 
1449598854.420246159 15 -12.6971 -8.30821 1.01757 
1449598886.684252085 9 -11.068 -11.7639 1.00859 
1449598898.098789407 9 -8.03298 -10.5385 1.02543 
1449598959.250593688 14 -17.0255 -4.55835 1.01941 
1449598971.202912295 15 -12.8858 -8.50101 1.0296 
1449598971.664607296 7 -12.9904 -8.83105 1.0259 
1449598984.152320031 9 -11.3021 -11.6657 1.00605 
1449598993.087158959 14 -7.76413 -12.3735 1.19516 
1449598997.099633993 9 -8.04091 -10.4878 1.01963 
1449599004.370091591 14 -8.50259 -11.1803 1.19935 
1449599006.412249544 13 -7.80805 -10.5663 1.20199 
1449599025.656470136 14 -11.8137 -4.99541 1.19249 
1449599036.639814905 14 -11.408 -4.10049 1.20847 
1449599070.939054883 0 -16.7786 -2.56477 1.09939 
1449599076.627344440 14 -15.5846 -4.03356 1.18116 
1449599087.475970181 14 -10.0312 -5.16739 1.21098 
1449599084.894845778 3 -10.5613 -4.81751 1.27943 
1449599096.142918899 14 -7.9449 -6.69192 1.01508 
1449599132.164229021 6 -12.0928 -12.5785 1.00832 
1449599136.678511532 15 -13.2524 -12.4729 1.06349 
1449599136.946552492 7 -13.1458 -12.368 1.04516 
1449599157.946766325 9 -10.9356 -11.7563 1.00794 
1449599164.575721664 9 -8.47136 -10.5141 1.02612 
1449599182.110225827 13 -7.90281 -10.7773 1.20197 
1449599244.069843171 14 -17.4213 -4.81189 1.20845 
1449599257.628520488 14 -14.0881 -8.21523 1.12451 
1449599270.110294849 14 -14.8942 -8.73385 1.12283 
1449599279.447883915 14 -13.5555 -8.20233 1.04474 
1449599299.193366659 14 -10.2093 -5.2385 1.21851 
1449599304.323396067 14 -8.31973 -5.6927 1.20982 
1449599309.941991347 8 -8.58601 -6.91456 1.04308 
1449599392.470342632 0 -13.9392 -11.8265 1.28769 
1449599444.044040612 14 -15.5708 -4.04525 1.1811 
1449599449.569570861 14 -12.5922 -4.45077 1.19656 
1449599460.100823661 14 -10.466 -3.99702 1.19657 
1449599522.676271942 12 -14.7818 -2.41731 0.990092 
1449599535.091220251 12 -14.7433 -2.42484 0.98773 
1449599564.484730779 14 -10.0482 -5.18328 1.21167 
1449599573.111293270 14 -7.81699 -6.60688 1.01545 
1449599600.524311896 14 -7.79187 -10.7888 1.19976 
1449599628.374394719 12 -12.6069 -2.81664 1.01603 
1449599633.227592771 14 -13.8217 -1.32444 1.24337 
1449599634.233100365 12 -13.1769 -2.06769 0.993534 
1449599672.423172144 14 -10.4235 -3.90994 1.19641 
1449599722.452652242 3 -17.0092 -5.02468 1.201 
1449599724.290298908 14 -15.7585 -4.07304 1.18194 
1449599735.702434297 14 -9.91887 -5.17445 1.21155 
1449599743.402663296 14 -8.00931 -6.20353 1.02956 
1449599744.439227750 9 -7.95204 -6.88943 1.01584 
1449599761.146273410 9 -7.84021 -10.5352 1.02196 
1449638567.756839469 0 -16.431 -15.4003 0.999977 
1449638567.656145287 13 -16.5236 -15.594 0.996436 
1449638579.496288377 14 -14.3948 -15.0917 1.18198 
1449638579.635030867 13 -13.8611 -14.5066 0.990436 
1449638593.492452481 10 -14.2843 -14.4602 0.999398 
1449638593.588579886 13 -14.4287 -14.4203 1.00035 
1449638607.050108763 14 -15.822 -15.9265 1.18265 
1449638604.637216850 13 -16.2312 -14.6659 0.988998 
1449638617.660144567 10 -13.7485 -14.5555 0.991327 
1449638617.798215001 13 -13.8806 -14.5408 0.993915 
1449638632.208189191 10 -14.2318 -14.3951 0.994038 
1449638632.309001062 13 -14.3891 -14.3867 0.997896 
1449638644.224443443 1 -15.3742 -16.1315 1.17742 
1449638654.839534665 13 -13.8828 -14.5093 0.995472 
1449638674.075221433 13 -14.4338 -14.2767 0.992207 
1449638682.351277350 14 -15.9591 -16.6343 1.01777 
1449638812.784105091 10 -13.764 -14.5599 0.993334 
1449638812.914750277 13 -13.885 -14.5424 0.990758 
1449638830.099526541 10 -14.4172 -14.4809 1.00617 
1449638830.399388274 13 -14.3992 -14.3892 1.0001 
1449638845.014763526 10 -13.5359 -14.7384 0.996032 
1449638845.148804252 13 -13.5965 -14.6576 0.986354 
1449638867.630055519 10 -14.3056 -14.4128 0.991469 
1449638868.007492735 13 -14.6657 -14.3002 0.985086 
1449638868.571611242 14 -15.2787 -15.0216 1.17447 
1449638871.749667089 14 -15.6522 -17.1215 1.01719 
1449638878.274261288 14 -13.7389 -14.7668 0.999116 
1449638891.254872311 10 -15.2005 -14.2909 1.00404 
1449638891.386370764 13 -15.1655 -14.2925 1.0014 
1449638901.610385662 13 -14.244 -14.5224 0.987015 
1449638913.661528265 13 -13.8535 -14.5715 1.00038 
1449638913.493850478 0 -13.7409 -14.5982 0.997619 
1449638924.720439633 8 -14.8774 -14.2296 0.997831 
1449638924.821016726 13 -14.9082 -14.2767 1.00295 
1449638939.362152683 14 -15.6996 -15.8364 1.17718 
1449638936.513961118 13 -16.4762 -15.0163 0.986578 
1449638949.905803734 0 -15.0846 -14.6446 1.01083 
1449638949.976382919 13 -15.245 -14.7562 1.01629 
1449638964.985240385 10 -14.2022 -14.5085 1.00569 
1449638965.117565016 13 -14.3171 -14.4475 1.00258 
1449638970.774940239 1 -15.1874 -16.3974 1.16477 
1449638977.542153309 13 -13.6108 -14.7183 0.990188 
1449638977.403781049 10 -13.517 -14.7726 0.99734 
1449638994.965479304 10 -14.2843 -14.471 1.00431 
1449638995.097071511 13 -14.3825 -14.4231 1.00063 
1449639004.201819394 14 -15.7438 -17.0933 1.01726 
1449639011.752977148 13 -13.6124 -14.6874 0.991165 
1449639023.143713552 14 -14.8146 -14.9874 1.18397 
1449639022.915349956 13 -14.318 -14.3445 0.995693 
1449639022.746927115 0 -13.9868 -14.5204 1.00267 
1449639033.535600505 0 -14.6621 -14.2834 0.99012 
1449639034.203753855 13 -15.3505 -14.4344 0.996564 
1449639047.459625034 13 -15.1698 -14.7137 1.01484 
1449639047.359852034 0 -14.9954 -14.5905 1.00634 
1449639055.931317423 0 -14.7148 -14.3878 0.994134 
1449639055.899804307 13 -14.7051 -14.4107 0.993552 
1449639066.352562027 13 -14.3022 -14.4582 0.984198 
1449639067.296811162 14 -15.1251 -15.106 1.17309 
1449639071.008840341 13 -15.8769 -15.8371 0.999796 
1449639070.842111264 0 -15.918 -15.9064 0.999164 
1449639088.453509638 0 -14.3367 -14.4586 1.00243 
1449639088.583102163 13 -14.561 -14.4303 1.0018 
1449639099.048826666 13 -14.3814 -14.472 0.993152 
1449639109.997802340 10 -13.7071 -14.6341 0.997962 
1449639110.200109126 13 -13.8307 -14.5578 0.991804 
1449639126.780668087 10 -14.2484 -14.4456 1.00616 
1449639126.916159447 13 -14.3602 -14.3832 1.00235 
1449639142.144131196 14 -14.1999 -15.119 1.18227 
1449639142.278304435 13 -13.579 -14.6616 0.991848 
1449639163.387882340 10 -14.3582 -14.3568 0.996704 
1449639163.491212322 13 -14.4886 -14.3114 0.994326 
1449639166.703137142 13 -16.6342 -16.1494 0.988587 
1449639177.575023927 14 -13.8719 -14.5087 0.991136 
1449639189.818268065 13 -14.4301 -14.3591 0.998042 
1449639189.721270253 10 -14.3097 -14.4118 1.00103 
1449639199.951515585 13 -14.817 -14.394 0.99173 
1449639213.706432061 14 -15.7088 -15.2527 1.0283 
1449639213.470379320 13 -15.1765 -14.765 1.02034 
1449639213.404693428 0 -15.0198 -14.6446 1.01307 
1449639222.847515360 10 -14.0488 -14.6263 0.99846 
1449639222.976123821 13 -14.1668 -14.5747 1.00132 
1449639236.619381018 13 -16.1894 -15.8693 1.22274 
1449639247.567654518 13 -13.8349 -14.5495 0.998463 
1449639247.431743487 10 -13.717 -14.5897 1.00146 
1449639260.191274666 13 -14.4009 -14.4007 0.998745 
1449639272.475275042 14 -15.7802 -15.9 1.17555 
1449639270.907017744 13 -15.975 -14.5926 0.975355 
1449639283.551378319 14 -13.8532 -14.5256 0.988843 
1449639300.751350176 13 -14.5214 -14.3872 1.00141 
1449639317.999078355 0 -13.7531 -14.5374 0.995757 
1449639318.129381324 13 -13.8616 -14.494 0.99151 
1449639327.915402678 14 -14.3652 -15.4931 1.09785 
1449639329.216193554 10 -15.1794 -14.2922 1.00076 
1449639329.351519470 13 -15.4259 -14.2384 0.985483 
1449639339.490391583 0 -14.1453 -14.4871 0.993281 
1449639340.033551940 13 -14.7107 -14.3666 0.985617 
1449639348.470487254 0 -13.537 -14.7871 0.999177 
1449639348.603511988 13 -13.6446 -14.7301 0.997572 
1449639368.690753371 14 -14.8396 -15.0089 1.18029 
1449639376.726178148 14 -15.3297 -15.7623 1.18177 
1449639376.491623792 13 -15.9785 -15.6318 0.995687 
1449639376.356497863 0 -16.0351 -15.6233 0.992652 
1449639381.610253633 14 -14.8196 -16.4651 1.20019 
1449639403.393770006 10 -14.2423 -14.4662 1.00267 
1449639403.561808120 13 -14.3764 -14.3859 0.993505 
1449639412.935155822 14 -13.5243 -14.7548 0.995719 
1449639413.070744217 13 -13.6394 -14.7141 0.993006 
1449639429.966263864 10 -14.2227 -14.4658 1.00081 
1449639430.066414476 13 -14.3728 -14.4529 1.00095 
1449639447.171195640 10 -13.5125 -14.7477 1.00245 
1449639447.305613676 13 -13.6416 -14.6614 0.994964 
1449639465.161454235 10 -14.25 -14.3886 0.998189 
1449639465.294295431 13 -14.3632 -14.3206 0.996846 
1449639483.566205563 13 -13.8588 -14.5153 0.992376 
1449639495.769398336 13 -14.3964 -14.3678 0.998875 
1449639505.457582635 14 -14.702 -15.0595 1.174 
1449639505.860809552 13 -14.7123 -14.4294 0.994302 
1449639512.877160201 14 -14.4695 -15.1063 1.1818 
1449639512.843884692 13 -14.14 -14.4675 0.991705 
1449639534.998561906 14 -14.8252 -15.0753 1.18406 
1449639551.128384238 14 -14.2593 -14.9913 1.17492 
1449639571.365187104 13 -14.6222 -14.3216 1.00677 
1449639576.085216971 14 -15.3248 -16.2093 1.22948 
1449639582.056747467 13 -13.6215 -14.6575 0.984651 
1449639582.220479007 14 -14.139 -15.1315 1.1761 
1449639594.698465833 13 -14.2051 -14.4292 0.996114 
1449639605.071698075 10 -14.3398 -14.414 0.988085 
1449639605.264734985 13 -14.5559 -14.4113 0.995813 
1449639610.989256333 13 -15.8863 -15.7598 0.989618 
1449639611.057065006 0 -15.8429 -15.6033 0.995824 
1449639616.078612884 14 -14.7659 -16.6162 1.1896 
1449639636.984100505 13 -14.3503 -14.42 1.00067 
1449639636.848273742 10 -14.2192 -14.4238 0.995937 
1449639649.141920666 14 -13.6409 -14.7046 0.991444 
1449639660.718710185 8 -15.0319 -14.2516 0.994758 
1449639672.188461314 13 -15.4188 -14.4624 0.9859 
1449639671.489625335 0 -14.6633 -14.3539 0.989405 
1449639684.770702746 14 -14.9551 -15.216 1.18322 
1449639684.873369376 13 -15.0768 -14.6623 0.997373 
1449639684.873369376 0 -14.9057 -14.54 0.989943 
1449639705.728986733 13 -15.9482 -14.6212 0.995538 
1449639705.465823599 0 -15.7833 -14.4543 0.994139 
1449639717.303644131 13 -13.8403 -14.582 0.996336 
1449639728.569343592 10 -14.9485 -14.2655 0.999259 
1449639728.671287518 13 -15.1519 -14.2993 0.997948 
1449639740.297729019 14 -15.5654 -15.225 1.17348 
1449639739.123305494 13 -14.434 -14.4161 0.986823 
1449639751.043601581 14 -13.814 -14.5204 0.98869 
1449639770.107481026 13 -14.4267 -14.324 0.998454 
1449639774.927498464 1 -15.5009 -16.4661 1.13733 
1449639786.873737327 14 -14.6468 -15.5221 1.25662 
1449639787.975928240 14 -15.986 -15.9804 1.01364 
1449639801.142292767 10 -14.1861 -14.5572 1.00394 
1449639801.272671568 13 -14.2998 -14.5081 1.00283 
1449639814.223198968 14 -14.7643 -16.4139 1.19827 
1449639819.875165644 14 -14.2608 -14.9699 1.17812 
1449639840.939786703 13 -14.5224 -14.3383 1.00682 
1449639847.521249332 13 -15.5596 -16.7164 1.01258 
1449639847.422193705 14 -15.6232 -16.6718 1.00653 
1449639848.758460381 14 -14.6505 -15.0415 1.18026 
1449639864.010576961 13 -14.4101 -14.557 1.00755 
1449639864.010576961 0 -14.2145 -14.5636 1.00635 
1449639886.582738805 14 -14.3233 -15.099 1.17762 
1449639897.342220761 13 -14.7971 -14.2899 0.995198 
1449639897.412051253 0 -14.8265 -14.2783 0.996394 
1449639907.802222985 0 -14.4124 -14.3685 0.992186 
1449639908.506399244 13 -15.1503 -14.3557 0.986609 
1449639913.160987836 14 -15.2929 -15.7989 1.1806 
1449639912.854936479 13 -15.9217 -15.8464 0.99127 
1449639912.927255306 0 -15.9174 -15.7444 0.994712 
1449639935.113269636 10 -14.1604 -14.5462 1.00222 
1449639935.210823417 13 -14.2946 -14.5222 1.00574 
1449639945.322262736 13 -15.8983 -15.6435 1.0018 
1449639945.354688724 0 -15.9054 -15.5897 0.998007 
1449639970.663535763 10 -14.2454 -14.4596 1.00345 
1449639970.762520211 13 -14.3708 -14.4071 1.00272 
1449639975.586537397 1 -15.2482 -16.3953 1.17173 
1449639986.767853458 13 -13.8229 -14.5468 0.997209 
1449640003.166291944 8 -14.2211 -14.4221 0.999668 
1449640003.266391638 13 -14.351 -14.3783 0.994821 
1449640022.874732421 14 -13.878 -14.4831 0.992605 
1449640041.586142669 13 -14.5487 -14.3934 1.00081 
1449640041.586142669 10 -14.363 -14.442 1.00554 
1449640051.123411006 14 -15.3131 -15.6567 1.17769 
1449640050.857212372 13 -15.9217 -15.5922 0.992589 
1449640050.725013687 0 -15.9828 -15.6025 0.991741 
1449640068.345161040 10 -15.0033 -14.4115 1.00189 
1449640068.478908241 13 -15.2162 -14.3967 0.994767 
1449640078.740990634 13 -14.1986 -14.5687 0.98881 
1449640090.081311635 14 -14.274 -15.0603 1.17798 
1449640089.947876674 13 -13.8461 -14.5389 0.990223 
1449640106.062418059 10 -14.2328 -14.4311 1.00266 
1449640106.165436528 13 -14.3581 -14.3931 1.00146 
1449640118.682016407 14 -14.7073 -16.416 1.20287 
1449640124.499123312 14 -14.2808 -15.0144 1.17766 
1449640142.129626351 10 -14.2955 -14.3703 0.996799 
1449640142.232234665 13 -14.4486 -14.3164 0.995215 
1449640158.016595081 10 -13.5162 -14.7548 0.995103 
1449640158.154481354 13 -13.6367 -14.6886 0.992938 
1449640184.667982379 13 -14.3836 -14.3444 0.991739 
1449641049.143502261 14 -14.3429 -15.1434 1.18447 
1449641069.415356078 13 -14.4257 -14.2808 0.993287 
1449641069.279684832 10 -14.261 -14.3718 0.999613 
1449641076.911339809 1 -15.3 -16.0999 1.15523 
1449641087.056273451 0 -13.7384 -14.5507 0.99852 
1449641087.194548423 13 -13.8556 -14.5161 0.994794 
1449641089.098247582 14 -15.9663 -16.1004 1.01918 
1449641102.760539989 13 -14.3134 -14.4844 0.997354 
1449641102.661960139 0 -14.1816 -14.5602 1.00226 
1449641121.942216128 13 -13.8536 -14.4915 0.994108 
1449641121.769973791 0 -13.7492 -14.5462 0.998874 
1449641133.699230709 14 -15.1545 -15.0126 1.18188 
1449641132.761332860 13 -14.7574 -14.3868 1.00726 
1449641132.761332860 0 -14.5629 -14.4871 1.01377 
1449641144.194778499 14 -15.1293 -15.0743 1.18097 
1449641143.753500592 10 -14.4581 -14.3835 0.993801 
1449641144.466308334 13 -14.9878 -14.3412 0.989586 
1449641150.150583081 13 -15.5561 -14.9674 0.989375 
1449641150.014758082 0 -15.6755 -15.1309 0.997259 
1449641175.855917426 10 -14.2611 -14.4946 1.00448 
1449641175.955651067 13 -14.3825 -14.4293 0.997238 
1449641193.161922144 10 -13.7794 -14.5602 0.999299 
1449641193.301275195 13 -13.9022 -14.5048 0.9972 
1449641207.105575735 13 -14.3591 -14.4159 0.998853 
1449641206.966078067 10 -14.2449 -14.4504 0.999516 
1449641218.369066687 13 -16.638 -15.2795 0.993778 
1449641218.201308795 0 -16.5776 -15.0204 0.983816 
1449641230.011936987 13 -13.7065 -14.7156 0.993449 
1449641229.874331021 0 -13.5899 -14.7589 0.99476 
1449641242.565400355 10 -15.4221 -14.317 0.995671 
1449641242.500979448 13 -15.4537 -14.3226 0.994699 
1449641253.508071865 13 -14.9457 -14.3362 0.988193 
1449641253.934605824 14 -15.3811 -15.134 1.17556 
1449641253.000763806 0 -14.4315 -14.3969 0.99561 
1449641265.856009530 13 -13.8813 -14.5257 0.992988 
1449641278.052664342 14 -14.4528 -14.4154 0.989696 
1449641287.677571250 14 -14.4212 -15.2222 1.17588 
1449641287.304866891 13 -13.5001 -15.1974 0.986484 
1449641294.617403890 14 -14.4368 -15.0978 1.17825 
1449641294.465223474 13 -14.2777 -14.5181 0.9975 
