1449571107.706412413 0 -15.2852 -15.3731 1.08283 
1449571107.846269243 13 -15.2723 -15.4187 1.08319 
1449571170.973536597 10 -14.2493 -7.32835 1.09124 
1449571194.514855155 14 -15.9637 -3.61377 1.06276 
1449571209.709543850 14 -15.7164 -4.10144 1.05875 
1449571351.554991268 6 -17.6376 -2.79587 1.06459 
1449571499.117823550 14 -14.7021 -4.70313 1.11245 
1449571520.177981449 15 -13.0817 -10.6508 1.09788 
1449571564.961611411 9 -8.95085 -12.447 1.07009 
1449571590.566818610 14 -7.62074 -10.8575 1.23592 
1449571596.018211988 7 -8.20029 -10.5617 1.08905 
1449571746.909613562 15 -13.621 -10.7488 1.10092 
1449571788.648541269 7 -15.0061 -11.8141 1.14491 
1449571789.214584286 14 -14.6317 -13.4767 1.09759 
1449571841.561448659 9 -11.069 -11.7935 1.07707 
1449571860.833856138 9 -8.76387 -12.1727 1.06281 
1449571898.279275499 15 -13.2411 -12.4839 1.09416 
1449571948.252425696 10 -14.1422 -6.94136 1.09344 
1449571952.062711901 14 -13.6347 -5.71619 1.14547 
1449572724.666028691 7 -16.3973 -5.19274 1.28873 
1449572749.069831055 3 -16.9642 -4.84471 1.28775 
1449572753.420682592 7 -14.7934 -5.0724 1.15613 
1449572770.121529259 15 -12.7746 -8.37543 1.08011 
1449572786.526838200 14 -12.4628 -11.3646 1.10015 
1449572877.666913641 10 -13.1698 -5.73728 1.10486 
1449572888.600199269 10 -14.7841 -5.10585 1.0952 
1449572955.324036192 12 -13.8748 -2.07986 1.01864 
1449573005.062974006 14 -15.4804 -4.69109 1.15505 
1449573047.643052817 15 -12.8654 -9.13345 1.06778 
1449573069.634673716 9 -11.2561 -11.7454 1.06636 
1449573085.715405979 9 -7.84747 -10.5912 1.06994 
1449573199.557219083 9 -11.29 -11.7003 1.0633 
1449573226.074632271 14 -8.67113 -11.7137 0.988031 
1449573226.074632271 13 -7.96284 -10.8164 1.23067 
1449573249.254469847 8 -8.56956 -7.14891 1.08599 
1449573267.810752178 1 -7.93644 -6.51855 1.08251 
1449573271.393442608 10 -8.17906 -8.15938 1.06467 
1449573322.783872222 15 -13.234 -12.4949 1.09189 
1449573380.454653720 14 -14.2603 -8.32508 1.15439 
1449573435.676373088 9 -11.1308 -11.7346 1.07611 
1449573444.523138667 14 -8.34472 -11.5169 1.27773 
1449573469.086666381 7 -8.33978 -11.5364 1.0593 
1449573493.123323961 14 -9.29735 -5.90661 1.27982 
1449573517.522716555 14 -9.59082 -5.20035 1.23099 
1449573515.441626391 7 -11.3229 -5.58085 1.10687 
1449573527.564339610 8 -7.55893 -5.88309 1.09647 
1449573531.973033609 8 -8.5299 -7.08048 1.08275 
1449573624.260754449 15 -13.3687 -8.33444 1.0789 
1449573646.058756165 9 -11.1574 -11.7217 1.07238 
1449574022.831587018 14 -8.50316 -10.1301 1.24681 
