1449642246.289520075 1 -15.3652 -16.4114 1.18112 
1449642264.670638740 0 -16.6219 -16.155 1.02183 
1449642264.805762465 13 -15.9512 -16.3966 1.28713 
1449642263.265831303 1 -15.4374 -16.4702 1.16649 
1449642272.214101745 13 -14.1278 -14.5446 0.996242 
1449642272.113923363 10 -13.987 -14.5964 0.994504 
1449642282.940127996 0 -15.7641 -14.368 0.973004 
1449642285.317730697 13 -16.2435 -15.718 0.998131 
1449642292.265094300 13 -13.6297 -14.7303 0.996164 
1449642292.131830350 0 -13.5167 -14.8048 0.998721 
1449642317.303183851 10 -14.3037 -14.3458 0.996325 
1449642317.402149433 13 -14.4412 -14.3161 0.995816 
1449642332.497767718 14 -13.841 -14.5068 0.991524 
1449642345.256918519 14 -14.7499 -14.9824 1.17817 
1449642357.212518854 14 -15.6755 -15.2088 1.18228 
1449642357.880073917 13 -15.5267 -14.4574 0.989714 
1449642368.933378609 13 -13.7101 -14.6909 0.991923 
1449642381.801891333 14 -15.4144 -15.0811 1.18261 
1449642392.300716469 14 -15.1084 -15.0088 1.1781 
1449642392.473510877 13 -14.9011 -14.2904 0.988705 
1449642397.858967850 13 -15.8396 -15.6493 0.99089 
1449642397.727580821 0 -15.8704 -15.713 0.99425 
1449642408.514102732 13 -15.2085 -14.654 1.01522 
1449642408.440597571 0 -15.0198 -14.5726 1.01291 
1449642426.335820537 14 -14.8305 -14.9976 1.1832 
1449642439.928364026 13 -13.8501 -14.5476 0.994362 
1449642445.186081538 14 -14.8133 -16.493 1.1983 
1449642455.267432492 14 -15.0136 -15.1002 1.17873 
1449642454.870362148 13 -14.6343 -14.9652 1.27695 
1449642454.700894242 0 -14.4366 -14.4898 0.990926 
1449642465.342003336 10 -14.453 -14.5015 1.00445 
1449642480.604608731 13 -13.9354 -14.5602 0.992593 
1449642498.484633419 10 -14.2673 -14.4157 0.99864 
1449642498.616383257 13 -14.3779 -14.3695 0.997273 
1449642506.421847076 1 -15.3539 -16.427 1.15374 
1449642509.296591825 14 -15.583 -16.7469 1.00424 
1449642510.233565671 13 -15.176 -14.6148 0.992077 
1449642510.097057014 10 -15.3433 -14.6989 0.994282 
1449642530.059603717 10 -14.1053 -14.6005 0.998468 
1449642530.191399681 13 -14.2087 -14.52 0.99213 
1449642552.719045473 14 -14.2525 -15.0246 1.17835 
1449642552.451163838 13 -13.8568 -14.5063 0.982967 
1449642572.880699835 10 -14.3433 -14.3594 1.00287 
1449642573.050078107 13 -14.4407 -14.291 0.998292 
1449642587.809945999 13 -13.8719 -14.5399 0.992934 
1449642599.455756709 13 -14.5475 -14.3351 0.99952 
1449642610.211345874 13 -14.7474 -14.4126 0.994162 
1449642612.579238412 14 -15.322 -16.2144 1.22847 
1449642620.835521197 13 -13.6894 -14.728 0.994688 
1449642634.155825177 10 -14.216 -14.4442 0.991378 
1449642634.126103830 13 -14.458 -14.4962 1.00125 
1449642644.374214371 13 -14.1055 -14.6089 0.99025 
1449642647.618665670 14 -15.586 -17.1614 1.0259 
1449642653.014435217 14 -13.5319 -14.7698 0.994275 
1449642653.148708865 13 -13.6246 -14.7256 0.994597 
1449642668.952082039 10 -14.8848 -14.2974 0.991477 
1449642668.822937792 13 -15.0914 -14.3914 0.996759 
1449642679.249759479 14 -14.7119 -15.0914 1.17794 
1449642690.931435464 13 -13.8686 -14.5953 0.998435 
1449642690.794233909 0 -13.7444 -14.6282 0.997507 
1449642704.050554700 13 -14.3866 -14.4052 1.00124 
1449642703.947234965 0 -14.2333 -14.4407 0.99946 
1449642715.307022632 14 -15.6433 -15.3258 1.1709 
1449642714.001223958 13 -13.9582 -14.7251 0.990702 
1449642727.853358876 14 -14.2791 -15.0237 1.17773 
1449642739.522316931 14 -14.9834 -15.0435 1.18283 
1449642739.093860997 13 -14.6592 -14.4538 1.00126 
1449642739.125845256 0 -14.4504 -14.3896 0.992206 
1449642749.693988426 10 -14.3785 -14.3851 0.985203 
1449642750.262437407 13 -14.8256 -14.2545 0.988024 
1449642759.025928401 14 -14.1918 -15.1422 1.18177 
1449642774.451745541 13 -15.0205 -14.3283 0.991564 
1449642785.045670257 13 -14.3956 -14.3843 0.989589 
1449642798.406020879 10 -13.7265 -14.5601 0.996438 
1449642798.542173582 13 -13.8569 -14.5197 0.991748 
1449642821.384852294 10 -14.3686 -14.3632 0.995273 
1449642821.520907175 13 -14.4919 -14.3186 0.9948 
1449642825.400909900 13 -16.3018 -16.4783 0.996273 
1449642831.121144022 14 -13.6399 -14.7084 0.995697 
1449642831.268455548 13 -13.7167 -14.6873 0.993939 
1449642850.985055651 10 -14.2611 -14.5256 1.00273 
1449642851.084721138 13 -14.3965 -14.5155 1.00645 
1449642870.605019660 14 -14.3612 -15.0651 1.17956 
1449642887.673453386 13 -14.3897 -14.373 0.99863 
1449642907.847170509 14 -14.2865 -15.0112 1.17592 
1449642919.562425657 13 -14.3938 -14.3545 0.993222 
1449642919.465369676 10 -14.2821 -14.4155 1.00088 
1449642930.825609545 13 -16.1463 -14.7279 0.980336 
1449642936.218259824 14 -15.6674 -16.0372 1.00891 
1449642936.928776313 13 -14.9125 -14.4926 0.988136 
1449642942.111238246 14 -14.786 -16.4903 1.19513 
1449642958.817702374 10 -14.2502 -14.5462 1.00316 
1449642958.952705208 13 -14.3621 -14.5004 1.00008 
1449642977.932635144 14 -13.8939 -15.6731 1.19425 
1449642983.524438668 13 -13.8884 -14.5289 0.991673 
1449642983.324340706 0 -13.7695 -14.6154 0.99542 
1449643000.063872993 14 -14.891 -15.0679 1.1819 
1449643012.107898085 14 -15.7237 -16.9984 1.02486 
1449643020.604482268 14 -14.2781 -15.1687 1.18384 
1449643020.701035085 13 -13.7199 -14.66 0.991986 
1449643034.092309981 10 -14.2671 -14.5322 1.00551 
1449643034.092309981 13 -14.4498 -14.4887 1.00257 
1449643044.780746784 14 -15.0521 -15.1108 1.17771 
1449643044.243757357 13 -14.0639 -14.7041 0.996278 
1449643056.502181004 13 -13.865 -14.5445 0.99149 
1449643067.234652697 10 -15.2991 -14.3456 1.00683 
1449643067.339766360 13 -15.4215 -14.3731 1.00416 
1449643078.010034659 14 -15.0954 -15.032 1.17736 
1449643078.281842032 13 -14.9387 -14.3379 0.987157 
1449643090.315485506 13 -13.8764 -14.5867 1.00225 
1449643102.384296508 10 -14.2626 -14.4424 1.00028 
1449643102.476516840 13 -14.3868 -14.4378 1.00397 
1449643113.565882000 13 -15.8982 -14.6052 0.982844 
1449643115.839264874 14 -15.5222 -16.364 1.18402 
1449643122.152047099 14 -14.092 -15.1121 1.17765 
1449643121.846954191 13 -13.6485 -14.6889 0.98702 
1449643137.310375141 10 -15.0966 -14.42 1.00715 
1449643137.439526673 13 -15.3102 -14.4106 1.00201 
1449643148.705066599 14 -15.1516 -15.0949 1.17203 
1449643149.810920847 1 -15.4525 -15.9948 1.16408 
1449643159.916847499 14 -14.3384 -15.0887 1.18117 
1449643159.879354050 13 -13.8683 -14.545 0.992838 
1449643175.160364804 10 -14.2329 -14.459 1.00273 
1449643175.262054190 13 -14.3566 -14.4138 1.00004 
1449643186.911931722 1 -15.2725 -16.0743 1.17909 
1449643192.514585938 13 -14.0427 -14.4599 0.992687 
1449643209.712285242 13 -14.2588 -14.5199 1.00231 
1449643209.575135574 0 -14.1293 -14.5888 1.00249 
1449643219.622664696 13 -13.9046 -14.7753 0.997527 
1449643220.231151278 14 -14.7168 -15.116 1.17293 
1449643224.046184851 13 -15.938 -15.948 0.99251 
1449643223.878250780 0 -15.9889 -15.9542 0.994745 
1449643229.202227656 14 -14.7763 -16.5281 1.19226 
1449643235.534062642 14 -15.7708 -15.3911 1.01978 
1449643235.196589065 13 -15.0355 -14.637 1.00315 
1449643235.131457219 0 -14.8372 -14.5798 1.00568 
1449643252.318646061 10 -14.2474 -14.4444 1.00114 
1449643252.455707441 13 -14.373 -14.4221 1.00138 
1449643259.148591121 1 -15.3449 -16.5108 1.14072 
1449643262.426692725 13 -15.6957 -15.2032 0.995024 
1449643262.497347239 0 -15.5864 -15.0229 0.997951 
1449643267.784658944 14 -14.8202 -16.4591 1.19593 
1449643272.702887249 13 -15.1159 -14.5007 1.00949 
1449643272.800961502 0 -15.1291 -14.5136 1.01455 
1449643289.429070766 10 -14.2853 -14.4533 1.00368 
1449643289.558661519 13 -14.3928 -14.387 1.00019 
1449643295.053452868 1 -15.2981 -16.4304 1.15883 
1449643305.631459416 13 -13.8372 -14.533 0.990426 
1449643316.669280607 10 -15.264 -14.3277 1.00355 
1449643316.770255755 13 -15.4863 -14.3668 0.998664 
1449643327.495658544 13 -14.7559 -14.3491 0.991491 
1449643332.659771322 13 -15.8118 -15.7117 0.997892 
1449643332.522300063 0 -15.838 -15.7405 1.00017 
1449643343.292095389 13 -15.3593 -14.8073 1.0194 
1449643343.292095389 0 -15.1786 -14.7464 1.02458 
1449643352.604429670 10 -14.0783 -14.6105 1.00405 
1449643352.735304633 13 -14.1922 -14.5675 1.00469 
1449643362.382097056 0 -13.6747 -14.9021 0.991471 
1449643362.951115634 13 -14.2228 -14.5896 0.988783 
1449643366.500406497 14 -15.4581 -15.8807 1.17927 
1449643366.131322226 13 -16.085 -15.7461 0.995822 
1449643378.081793005 14 -15.8553 -15.5527 1.0125 
1449643376.850039353 13 -13.9529 -14.5226 0.996609 
1449643387.353835536 10 -14.1439 -14.6475 1.00306 
1449643387.482035133 13 -14.2246 -14.5494 0.994916 
1449643397.497541127 13 -13.9961 -14.6855 0.993459 
1449643398.503915477 14 -15.1605 -15.0998 1.17043 
1449643407.069283954 14 -14.1669 -15.0201 1.16928 
1449643407.037242607 13 -13.6618 -14.7389 0.995661 
1449643427.084824322 10 -14.2604 -14.4325 1.00208 
1449643427.017257761 13 -14.4448 -14.4841 1.00947 
1449643438.601862725 13 -15.9708 -15.592 0.998221 
1449643438.461574425 0 -16.0394 -15.5935 0.997425 
1449643449.615184748 13 -15.0889 -14.6442 1.01697 
1449643449.550288377 0 -14.9308 -14.5389 1.00849 
1449643458.234742207 10 -14.7846 -14.3989 1.00442 
1449643458.234742207 13 -14.9699 -14.4726 1.00679 
1449643483.852773366 14 -13.8173 -14.5237 0.988734 
1449643495.037406523 10 -14.7753 -14.296 0.995218 
1449643495.172632079 13 -14.7492 -14.2901 0.993036 
1449643507.436500532 13 -16.5371 -15.2767 0.986359 
1449643513.796995043 14 -14.5121 -16.5796 1.19608 
1449643519.228567098 14 -13.9387 -14.5695 0.985997 
1449643519.260409488 13 -13.9183 -14.5845 0.989737 
1449643540.311178041 10 -14.3323 -14.402 1.00612 
1449643544.558724418 13 -16.0302 -16.8978 0.993492 
1449643548.692320351 14 -14.24 -15.1762 1.1966 
1449643553.999089216 13 -13.7147 -14.6531 0.992176 
1449643565.787800941 13 -14.7685 -14.3441 1.00334 
1449643565.850996439 0 -14.7608 -14.319 1.00132 
1449643576.763976456 13 -14.9314 -14.284 0.990926 
1449643582.249931105 14 -15.309 -15.7038 1.17597 
1449643581.950430714 13 -15.8861 -15.7274 0.99256 
1449643581.817343634 0 -15.9298 -15.7361 0.994504 
1449643592.932106429 14 -15.5338 -14.9953 1.02448 
1449643592.734053129 0 -15.0527 -14.6259 1.00907 
1449643592.799961965 13 -15.237 -14.7088 1.00874 
1449643601.985129221 13 -14.3408 -14.5445 1.00022 
1449643602.056138217 0 -14.3436 -14.4789 0.994929 
1449643612.268050601 10 -14.3348 -14.3787 0.985661 
1449643612.867834738 13 -14.7029 -14.3363 0.993563 
1449643617.827021706 14 -15.5474 -16.6363 1.01283 
1449643618.733800532 13 -15.3282 -14.7509 0.994673 
1449643618.562771643 0 -15.5128 -14.9279 1.00092 
1449643646.454530773 10 -14.2059 -14.4157 0.99947 
1449643646.586774512 13 -14.3519 -14.3649 0.996255 
1449643653.811445636 1 -15.1324 -16.4721 1.16335 
1449643663.168731841 14 -14.1927 -15.1416 1.17921 
1449643663.067304303 13 -13.6452 -14.6716 0.990756 
1449643676.540496159 10 -14.2344 -14.4502 0.999715 
1449643676.641803750 13 -14.3578 -14.3644 0.993542 
1449643686.835091023 13 -14.2311 -14.588 0.991664 
1449643691.990555401 14 -15.2855 -15.7095 1.18085 
1449643691.689487785 13 -15.852 -15.7092 0.997438 
1449643691.524061152 0 -15.8955 -15.7512 0.996462 
1449643702.491494908 14 -14.2408 -14.9915 1.17537 
1449643719.546116492 10 -14.248 -14.4362 0.996195 
1449643719.647001820 13 -14.3777 -14.368 0.991824 
1449643734.167786175 13 -15.0512 -14.5724 1.00105 
1449643739.291358139 14 -14.7728 -16.4223 1.19789 
1449643758.931047490 10 -14.212 -14.4747 1.0032 
1449643759.034511103 13 -14.3627 -14.4617 1.00686 
1449643771.218769301 14 -14.5143 -15.0003 1.17846 
1449643770.954437355 13 -14.5486 -14.3787 0.988222 
1449643781.641369673 0 -15.5531 -14.7267 1.01518 
1449643790.302322284 10 -14.4859 -14.3977 0.996204 
1449643790.302322284 13 -14.6872 -14.4515 1 
1449643800.830099970 13 -14.3021 -14.4963 0.992424 
1449643803.038263503 14 -15.2591 -16.2021 1.21726 
1449643808.958872220 13 -13.6322 -14.6656 0.983901 
1449643809.258634539 14 -14.0748 -15.0953 1.1761 
1449643825.894651515 10 -14.1567 -14.495 0.995099 
1449643825.994997323 13 -14.3004 -14.4618 0.996691 
1449643849.886186864 13 -13.8401 -14.5876 0.997324 
1449643849.756209386 0 -13.7187 -14.6261 1.00033 
1449643861.313613858 10 -14.4601 -14.38 1.00356 
1449643861.448616296 13 -14.4444 -14.3595 0.999241 
1449643871.589770470 0 -14.1393 -14.5395 0.993498 
1449643872.130602630 13 -14.7009 -14.4579 0.997809 
1449643874.304566820 14 -15.6131 -16.3988 1.18577 
1449643880.071243350 14 -14.1356 -15.1585 1.17939 
1449643879.868417764 13 -13.7191 -14.6804 0.989765 
1449643895.112420759 13 -14.5693 -14.4543 1.00177 
1449643895.112420759 0 -14.3755 -14.4683 1.00435 
1449643905.681678738 10 -14.3937 -14.4056 0.992784 
1449643905.877823287 13 -14.5727 -14.3741 0.99376 
1449643918.610719157 14 -14.2531 -15.0382 1.17684 
1449643918.407094657 13 -13.8325 -14.5207 0.988093 
1449643930.021946219 10 -14.3842 -14.3527 0.996639 
1449643930.120719448 13 -14.4264 -14.3398 0.99272 
1449643940.609379694 13 -14.4551 -14.4686 0.991342 
1449643952.024456674 10 -13.6991 -14.5966 0.994306 
1449643952.121638947 13 -13.8093 -14.5801 0.99526 
1449643988.593306061 14 -14.3431 -15.0123 1.17988 
1449643988.464135226 13 -13.9057 -14.514 0.996388 
1449644007.396874736 13 -14.5276 -14.3676 0.999845 
1449644007.396874736 10 -14.3372 -14.401 1.00259 
1449644024.148749356 10 -13.599 -14.7305 0.998011 
1449644024.313582548 13 -13.7098 -14.681 0.997756 
1449644041.341809943 10 -14.2821 -14.5151 1.01072 
1449644041.379328525 13 -14.43 -14.3774 0.994728 
1449644051.152710273 1 -15.3444 -16.2904 1.17626 
1449644054.599473781 13 -15.7593 -15.3116 0.993277 
1449644054.666811495 0 -15.6946 -15.1824 0.996069 
1449644059.884871125 14 -14.8287 -16.4313 1.19389 
1449644065.185711088 13 -15.328 -14.6276 1.01204 
1449644065.146141067 0 -15.2313 -14.5969 1.01198 
1449644078.532494903 10 -14.0916 -14.5575 1.00062 
1449644078.668618031 13 -14.2016 -14.4914 0.992697 
1449644088.044042227 1 -15.1533 -16.3902 1.1565 
1449644097.748795452 13 -13.8657 -14.5125 0.994485 
1449644115.180033132 14 -14.7888 -14.9722 1.18215 
1449644134.764234193 13 -13.8854 -14.5236 0.999786 
1449644134.532473006 0 -13.7339 -14.5975 1.00258 
1449644151.984766673 10 -14.2952 -14.3953 1.00081 
1449644152.118415277 13 -14.4154 -14.352 1.00116 
1449644172.403524071 0 -13.7793 -14.5326 0.993138 
1449644173.378054133 13 -14.5325 -14.8046 1.08992 
1449644174.607574149 14 -15.9461 -16.2786 1.01797 
1449644184.352318855 0 -15.0228 -15.1769 1.18598 
1449644184.487588518 13 -14.8004 -14.3403 0.992843 
1449644195.119571613 13 -14.5698 -14.3837 0.990883 
1449644201.272425559 14 -14.9579 -15.3121 1.17832 
1449644206.331950989 14 -14.729 -16.486 1.19665 
1449644220.441879939 10 -14.1322 -14.5875 0.999516 
1449644220.576562060 13 -14.2491 -14.5097 0.995501 
1449644229.595298232 13 -13.3647 -15.4606 0.99643 
1449644233.084323053 14 -15.2995 -16.2414 1.14354 
1449644243.962839084 13 -13.8857 -14.5708 0.997831 
1449644255.268296490 10 -15.0373 -14.3114 1.00241 
1449644255.308360249 13 -15.1941 -14.2742 0.990782 
1449644266.015438629 13 -14.5937 -14.4256 0.990978 
1449644265.544404426 0 -14.1182 -14.5619 0.998542 
1449644273.681579359 14 -14.7842 -16.5314 1.19508 
1449644278.970601370 14 -14.3509 -15.1006 1.17923 
1449644291.950106146 13 -15.0303 -14.3542 1.0009 
1449644302.378730930 13 -14.3787 -14.4559 0.987113 
1449644303.590118861 14 -15.4447 -15.2172 1.17414 
1449644308.925970903 14 -14.653 -15.1355 1.18212 
1449644308.824499710 13 -14.5986 -14.4813 0.994515 
1449644335.152477929 10 -14.264 -14.4657 0.999279 
1449644335.254160244 13 -14.4066 -14.4144 0.998549 
1449644351.350163206 14 -14.2601 -14.996 1.1805 
1449644351.078977394 13 -13.8411 -14.4922 0.987335 
1449644363.665569234 10 -14.3034 -14.4217 1.00117 
1449644363.766264538 13 -14.3808 -14.4173 0.999815 
1449644374.286045754 13 -14.5577 -14.4653 0.993201 
1449644376.894629315 14 -16.1634 -16.2682 0.996602 
1449644379.111084056 13 -15.8286 -15.7906 0.999483 
1449644378.936058052 0 -15.8667 -15.8457 0.996888 
1449644384.190450615 14 -14.7991 -16.5172 1.19596 
1449644389.744474249 14 -14.9699 -15.1971 1.18493 
1449644389.849858811 13 -15.0489 -14.636 1.00026 
1449644389.849858811 0 -14.8569 -14.5729 1.00309 
1449644399.458166576 13 -14.4129 -14.4758 1.00329 
1449644412.235044278 14 -15.3031 -15.1468 1.17177 
1449644411.094495910 13 -15.1297 -14.3594 0.990228 
1449644424.006982680 14 -14.3214 -15.0839 1.17874 
1449644423.973514261 13 -13.8296 -14.5146 0.98702 
1449644436.925904715 13 -14.463 -14.4948 1.00446 
1449644448.729644245 14 -15.7612 -15.4405 1.1706 
1449644447.362164205 13 -14.2679 -14.5605 0.990727 
1449644456.119517993 13 -13.6448 -14.7359 0.994066 
1449644455.984741388 10 -13.5395 -14.7935 0.996519 
1449644476.749814519 10 -14.2921 -14.4776 1.00234 
1449644476.884447615 13 -14.4041 -14.434 1.00243 
1449644495.761756056 13 -13.8675 -14.5293 0.993204 
1449644515.464081898 10 -14.3523 -14.3775 1.0036 
1449644515.593091667 13 -14.4651 -14.3229 1.00212 
1449644528.069896606 13 -13.7222 -14.6241 0.993262 
1449644527.929656213 0 -13.6842 -14.6375 0.996857 
1449644544.145623440 10 -14.1704 -14.4842 0.991054 
1449644544.145623440 13 -14.3708 -14.4604 0.990704 
1449644554.165444551 13 -13.9156 -14.7453 0.988529 
1449644554.528763650 14 -14.6679 -15.1667 1.17451 
1449644557.240913399 14 -15.5818 -17.1751 1.01943 
1449644564.220973657 14 -14.0963 -15.1377 1.17838 
1449644563.951793238 13 -13.6521 -14.7053 0.992613 
1449644582.301467448 14 -14.8213 -15.1166 1.18699 
1449644596.061048364 13 -15.7608 -15.2393 0.992485 
1449644595.929656926 0 -15.8307 -15.3661 0.995734 
1449644606.601314537 13 -15.259 -14.7294 1.02752 
1449644606.530672159 0 -15.1685 -14.6362 1.01892 
1449644623.340289251 10 -14.2696 -14.4047 1.00026 
1449644623.472493705 13 -14.366 -14.3554 0.995301 
1449644633.952573663 14 -14.4322 -16.5721 1.19204 
1449644639.212135787 13 -13.8385 -14.5578 0.998935 
1449644656.348925226 14 -14.8112 -14.9736 1.18143 
1449644675.728217683 10 -13.7508 -14.5503 0.998152 
1449644675.861821774 13 -13.8791 -14.5199 0.995493 
1449644687.579891625 10 -14.3784 -14.4246 1.00462 
1449644698.531752747 13 -14.8771 -14.3882 0.989479 
1449644697.930788609 0 -14.2428 -14.4499 0.991573 
1449644710.480331748 14 -14.3263 -15.0789 1.1775 
1449644725.426723319 13 -14.3794 -14.407 0.999633 
1449644725.324191661 10 -14.2386 -14.4406 1.00019 
1449644743.490634357 10 -13.4984 -14.7527 0.996782 
1449644743.627141325 13 -13.6096 -14.6836 0.994969 
1449644762.591580205 13 -14.4758 -14.4296 0.999833 
1449644781.586922926 13 -13.8454 -14.4952 0.986406 
1449644802.691171167 13 -14.5873 -14.3824 1.00339 
1449644802.760939910 10 -14.3508 -14.3205 0.995899 
1449644809.157552609 1 -15.3892 -16.2771 1.17551 
1449644815.749366113 13 -13.6102 -14.695 0.993433 
1449644815.617626278 0 -13.5417 -14.7554 0.999362 
1449644820.975706839 14 -14.8328 -16.4687 1.19542 
