1449659232.802076145 10 -14.8548 -3.96028 0.995133 
1449659255.235321502 12 -13.9509 0.428992 0.893231 
1449659319.625983553 10 -13.6557 -4.30878 0.982815 
1449659356.848885159 12 -13.4627 0.272072 0.891224 
1449659409.320354124 14 -13.9274 -16.7167 1.15901 
1449659425.161632309 14 -15.2 -17.817 0.892895 
1449659694.168676222 13 -14.3129 -17.2328 0.942174 
1449659693.935250130 0 -14.3475 -17.2353 0.927737 
1449659719.171119782 3 -13.395 -11.466 0.96702 
1449659748.829473428 13 -6.74796 -9.96239 1.18079 
1449659766.562916931 14 -8.43318 -6.65153 1.19712 
1449659775.865313124 14 -8.51611 -6.45179 1.21214 
1449659783.029325016 14 -8.45344 -6.66355 1.19686 
1449659788.622921670 8 -8.2313 -4.54789 0.954976 
1449660336.805542680 7 -14.4412 -13.1612 0.902881 
1449660378.648023593 14 -14.8494 -10.0831 0.945241 
1449660396.784788199 10 -13.5151 -4.41842 0.977283 
1449660406.828130060 10 -12.8022 -4.56014 0.959778 
1449660423.697716085 14 -14.1991 -10.3116 0.949 
1449660439.024432749 15 -13.7008 -12.3392 0.991682 
1449660439.393409997 7 -13.984 -12.5283 0.955635 
1449660450.442127005 7 -15.1536 -11.378 0.947109 
1449660465.602623606 14 -12.9167 -9.81272 0.948269 
1449660496.665552984 10 -13.4545 -5.19802 0.966804 
1449660518.401483380 14 -13.3565 0.197004 0.888054 
1449660547.125009741 10 -13.0895 -4.12082 0.95965 
1449660592.175240237 14 -14.7416 -10.0757 0.946259 
1449660602.147832420 10 -13.3677 -5.22737 0.960753 
1449660636.691010773 12 -16.0133 -1.50597 0.868248 
1449660649.043875250 12 -15.2998 -0.0509755 0.873342 
1449660686.200999371 10 -12.9472 -4.66826 0.962622 
1449660719.011571649 12 -13.3133 0.117656 0.867816 
1449660752.246459989 9 -6.71603 -10.0414 0.942391 
1449660762.540464227 9 -8.06869 -12.8011 0.918542 
1449660906.937337948 7 -13.7493 -12.5343 0.958186 
1449660906.670364256 15 -13.6632 -12.3813 0.986774 
1449660917.077231824 7 -15.1253 -11.367 0.951881 
1449660935.721507805 10 -14.3635 -4.61784 0.998246 
1449660940.749000907 10 -12.7876 -4.44997 0.962377 
1449660971.477943956 14 -14.3079 0.512015 0.863038 
1449660987.728805703 14 -12.7404 -0.818378 0.968778 
1449661009.616575828 7 -12.9668 -12.1355 0.996652 
1449661009.317869987 15 -13.3302 -12.0866 0.995893 
1449661018.092948652 7 -15.1157 -11.2664 0.952092 
1449661081.836505741 14 -10.0145 -4.75568 0.974658 
1449661095.227636437 14 -12.7604 -4.59626 0.969976 
1449661126.383552268 12 -13.3755 0.172596 0.869522 
1449661166.573007025 8 -8.06475 -4.469 0.937682 
1449661202.180663997 14 -13.3385 0.130163 0.86362 
1449661249.866074601 9 -7.87326 -12.7596 0.923437 
1449661261.951926623 9 -7.55783 -12.6964 0.914127 
1449661296.102583502 14 -9.73365 -4.47766 0.950735 
1449661307.519449866 10 -12.6493 -4.65055 0.969285 
1449661346.980322591 14 -13.2375 0.209788 0.870674 
1449661370.954631987 11 -10.5267 -4.19909 0.990712 
1449661395.058009503 14 -14.8154 -10.0856 0.944562 
1449661429.526463212 12 -13.1387 0.211415 0.870302 
1449661440.187588393 12 -14.2849 0.387553 0.879443 
1449661456.149685554 12 -15.2565 -0.295503 0.865361 
1449661462.278564308 14 -12.4093 -0.713969 0.950932 
1449661471.145665747 11 -13.8557 -4.17898 0.995732 
1449661484.769948783 7 -12.9903 -12.192 0.991964 
1449661484.533291707 15 -13.4228 -12.1884 0.997952 
1449661488.120360333 14 -6.75356 -6.78778 0.864494 
1449661492.675049160 7 -15.1074 -11.2566 0.942669 
1449661494.241602624 14 -15.6688 -13.0164 0.823577 
1449661514.293290218 14 -14.7199 -10.1823 0.952131 
1449661528.081620864 15 -13.5255 -12.2653 0.994273 
1449661528.249145786 7 -13.0612 -12.2937 0.984915 
1449661533.608887177 7 -15.1674 -11.3125 0.948819 
1449661610.849811735 11 -10.4643 -4.21954 0.995731 
1449661629.697612118 7 -14.5535 -12.7877 0.950059 
1449661629.058964854 15 -13.9616 -12.7801 0.986644 
1449661639.868588875 7 -15.1672 -11.3117 0.939768 
1449661681.828412774 14 -13.3434 0.163969 0.879938 
1449661693.915444514 14 -13.4088 0.206601 0.867249 
1449661765.323852591 14 -13.3701 0.172753 0.867831 
1449661781.047871812 14 -12.5494 -0.158658 0.926181 
1449661795.199684875 10 -12.9107 -4.41133 0.964463 
1449661801.126900930 11 -15.4916 -6.24353 0.933102 
1449661833.307102678 11 -13.9103 -5.7772 0.939162 
1449661868.356537200 14 -7.64092 -13.8967 0.886971 
1449661872.515693190 9 -8.63161 -12.6786 0.922058 
1449661937.062786003 12 -13.6666 0.31292 0.868154 
1449661958.351843530 12 -13.4897 0.200834 0.873353 
1449661972.312405226 14 -12.7287 -0.797234 0.961162 
1449661980.645789884 11 -13.849 -4.22275 0.991965 
1449661993.602169693 14 -14.8102 -10.0337 0.952255 
1449662028.310069113 9 -8.82076 -12.8566 0.910514 
1449662062.789889495 7 -15.1019 -11.4028 0.953232 
1449662094.658699724 14 -8.49294 -4.35628 0.872136 
1449662104.778131339 12 -13.3379 0.156776 0.871271 
1449662148.098293532 9 -8.55421 -12.7305 0.918611 
1449662158.185333419 9 -8.66798 -12.6765 0.921541 
1449662218.706664243 14 -13.3027 0.0913209 0.867853 
1449662229.862035310 12 -13.3704 0.097617 0.866268 
1449662242.464759855 14 -9.69421 -2.16596 0.950987 
1449662254.580872079 11 -13.8686 -4.17187 0.99021 
1449662274.664483194 14 -14.7849 -10.0271 0.94654 
1449662286.078970646 10 -13.2862 -5.185 0.959694 
1449662315.175498295 11 -13.8554 -4.34642 0.984095 
1449662328.995893275 7 -13.0247 -12.246 0.991586 
1449662328.628231180 15 -13.4231 -12.1501 0.999433 
1449662335.728360923 7 -15.1584 -11.1973 0.942621 
1449662359.191323687 10 -13.3598 -4.40528 0.96918 
1449662369.802919682 10 -12.828 -4.59785 0.962484 
1449662381.948880892 10 -12.8719 -4.57661 0.960103 
1449662388.285566092 11 -15.2232 -6.40264 0.931756 
1449662392.795326650 10 -12.9164 -4.53733 0.96203 
1449662425.396309404 14 -13.4995 0.169208 0.884545 
1449662436.447868263 12 -13.4627 0.139501 0.876341 
1449662447.462051949 12 -13.5264 0.136849 0.873742 
1449662486.499030456 11 -13.8044 -4.40832 0.982093 
1449662500.390696063 15 -13.6142 -12.3399 0.997362 
1449662500.826642531 7 -13.9327 -12.552 0.960052 
1449662510.870204500 7 -15.1055 -11.3141 0.952013 
1449662571.498387502 11 -13.8287 -5.65997 0.946274 
1449662591.643172921 8 -8.7986 -4.42168 0.925603 
1449662627.044727145 14 -15.1653 0.00283796 0.885558 
1449662665.940476923 10 -12.9242 -4.66615 0.962405 
1449662711.016920992 12 -13.5093 0.197367 0.878644 
1449662737.017048537 11 -15.3668 -6.31679 0.941365 
1449662741.465133953 10 -12.8547 -4.70133 0.959813 
1449662772.225354892 12 -13.322 0.139651 0.873803 
1449662782.845248363 14 -13.4621 0.170068 0.874001 
1449662826.583677661 9 -8.52005 -12.781 0.91382 
1449662879.483581748 12 -13.357 0.199507 0.866228 
1449662890.532774489 12 -13.4042 0.209836 0.865645 
1449662902.641254174 14 -13.4659 0.176735 0.873622 
1449662914.380172081 12 -15.5583 -1.00879 0.89845 
1449662917.523760083 14 -10.0567 -1.54516 0.954137 
1449662929.039790626 11 -13.8226 -4.2566 0.995187 
1449662949.325145055 14 -14.8051 -10.06 0.940075 
1449662962.654402123 10 -13.7324 -3.99333 0.968881 
1449662968.239486230 11 -15.4046 -6.10544 0.934277 
1449662972.652412211 14 -12.8595 -4.53438 0.969967 
1449662973.523469240 10 -13.1304 -4.09119 0.964361 
1449662980.254978344 11 -15.387 -6.08805 0.93623 
1449662985.907509804 10 -13.3346 -3.83387 0.948371 
1449663065.859340305 14 -9.29173 2.29337 0.855252 
1449663100.047110408 11 -10.5508 -4.37843 0.989943 
1449663115.943359366 14 -14.7528 -10.1065 0.94463 
1449663160.878769971 14 -13.4828 0.141437 0.877051 
1449663173.046670022 12 -13.4342 0.119498 0.875322 
1449663183.899489313 12 -13.5085 0.11443 0.878888 
1449663195.094734820 12 -13.5558 0.175702 0.866714 
1449663206.038462051 14 -13.5952 0.183958 0.861248 
1449663274.402494639 10 -12.8199 -4.51758 0.961319 
1449663284.508721317 10 -12.9431 -4.64049 0.966351 
1449663303.087444098 7 -13.0432 -12.2626 0.994174 
1449663302.918421858 15 -13.5076 -12.2472 0.995873 
1449663310.582149744 7 -15.1104 -11.2008 0.941662 
1449663351.086337248 12 -16.0055 -1.22152 0.864741 
1449663361.361267255 12 -15.0369 0.257259 0.908596 
1449663392.068659769 9 -6.73327 -9.94894 0.945901 
1449663404.704429160 9 -8.70108 -12.7043 0.91517 
1449663457.157563362 14 -13.2936 0.192343 0.86797 
1449663490.022473145 12 -13.4752 0.219723 0.872857 
1449663501.170934160 12 -13.5201 0.236746 0.869558 
1449663544.615693585 7 -14.3044 -12.4617 0.952373 
1449663544.081770156 15 -13.7102 -12.2759 0.992386 
1449663554.789457521 7 -15.1359 -11.3844 0.946991 
1449663627.231955893 10 -13.21 -4.01479 0.958085 
1449663632.817623711 11 -15.2845 -6.32525 0.947494 
1449663656.747013562 15 -13.9229 -12.238 0.999072 
1449663657.251202799 7 -12.9505 -12.2217 0.984912 
1449663771.897594966 13 -13.4025 -16.1043 0.929662 
1449663771.726209895 0 -13.3279 -15.8485 0.914261 
1449663827.729566309 10 -14.7248 -4.06331 0.967569 
1449663838.437769926 10 -13.1203 -4.20009 0.968613 
1449663855.042014978 10 -12.9263 -4.59311 0.960672 
1449663935.673236849 0 -13.3219 -15.4073 0.896317 
1449663935.940919290 13 -13.3487 -15.8921 0.925532 
1449663978.943393854 0 -14.9383 -18.1741 0.88184 
1449663979.109007030 13 -14.7657 -18.2829 0.87408 
1449663988.292677808 13 -15.775 -17.4439 0.869757 
1449664016.012168952 14 -14.7641 -10.1737 0.949064 
1449664031.740853738 10 -13.1833 -5.18516 0.964814 
1449664073.936219367 7 -14.1613 -12.1627 0.945751 
1449664073.468377216 11 -14.2356 -12.0813 0.937415 
1449664100.414088325 13 -14.9128 -18.2433 0.867576 
1449664108.607838724 13 -14.9057 -14.6779 0.916307 
1449664164.035726472 13 -13.8294 -17.3591 0.919793 
1449664164.035726472 0 -14.0535 -17.5488 0.90736 
1449664377.062701676 13 -13.6233 -16.9743 0.914167 
1449664376.890128183 0 -13.6569 -17.1335 0.913698 
1449664389.679692363 9 -13.3927 -11.8952 0.998085 
1449664403.070429228 10 -13.3712 -5.18193 0.966937 
1449664461.109593996 8 -9.40737 -4.83386 0.992011 
1449664653.089384449 0 -14.9655 -18.1165 0.87532 
1449664653.225200535 13 -14.8392 -18.187 0.871005 
1449664699.396524859 1 -11.9836 -13.3032 0.984792 
1449664719.187899753 14 -15.7205 -17.6092 0.885332 
1449664740.860715129 14 -14.9889 -18.2705 0.882517 
1449664740.996106037 13 -14.7945 -18.3647 0.876014 
1449664761.911544486 9 -13.4212 -11.9037 0.996874 
1449664847.803389720 13 -13.5202 -15.9853 0.942564 
1449664847.635531225 0 -13.4281 -16.1153 0.931884 
1449664860.283028586 9 -13.2139 -11.5345 0.991403 
1449665012.055586439 8 -8.08745 -4.53712 0.944023 
1449665033.713484193 6 -12.8934 -3.7247 0.963894 
1449665038.533580803 10 -12.6573 -4.61872 0.965712 
1449665061.725703968 14 -15.2682 -9.40555 0.569014 
1449665113.013100585 13 -13.9882 -17.3997 0.902802 
1449665112.716556099 0 -13.6352 -17.2177 0.929711 
1449665126.201116998 9 -13.4714 -11.9404 0.99834 
1449665139.389007286 10 -13.2118 -5.17308 0.964293 
1449665168.489243301 6 -13.7644 -4.76311 0.983839 
1449665215.044772472 13 -13.0838 -15.5165 0.938712 
1449665216.384617036 0 -12.621 -15.4666 0.783501 
1449665256.767747410 8 -7.80527 -4.54577 0.941716 
1449665297.552399198 14 -14.7325 -10.0753 0.949924 
1449665302.432064425 6 -12.6134 -7.90794 0.92601 
1449665419.285799747 13 -13.2986 -16.4394 0.939969 
1449665419.351118891 0 -13.384 -16.5519 0.939986 
1449665431.537357767 9 -13.3544 -11.7966 0.993684 
1449665446.562751778 10 -13.9911 -4.69346 0.999132 
1449665454.069684742 10 -12.7378 -4.60241 0.964325 
1449665475.114772115 7 -12.9868 -11.6098 0.995409 
1449665475.514731592 11 -12.9477 -11.6868 0.988994 
1449665474.878944429 15 -13.6428 -11.6511 0.986463 
1449665648.723342899 13 -13.3934 -16.0505 0.926775 
1449665648.523634605 0 -13.3427 -15.6694 0.907066 
1449665745.608451557 0 -13.592 -17.0044 0.933641 
1449665745.608451557 13 -13.4001 -16.7919 0.935814 
1449665843.382392543 13 -12.3571 -16.1499 0.883448 
1449665843.487226388 0 -12.4472 -16.5863 0.880612 
1449665855.068614401 0 -13.8913 -17.2075 0.940353 
1449665855.268367664 13 -13.7889 -16.9886 0.948606 
1449665966.763052682 9 -13.4922 -12.4881 0.997934 
1449666023.428697565 14 -14.8846 -10.0804 0.941319 
1449666033.603041042 6 -12.8416 -7.55548 0.93108 
1449666040.163484513 10 -13.4928 -4.49209 0.976525 
1449666050.239972985 10 -12.8124 -4.59344 0.968186 
1449666102.482614015 13 -13.3551 -15.9959 0.939938 
1449666102.249665194 0 -13.3061 -15.5875 0.908552 
1449666130.362555844 10 -14.1442 -4.44692 0.99806 
1449666137.001114212 10 -12.7306 -4.60341 0.969729 
1449666237.937880570 13 -14.1993 -17.1509 0.946586 
1449666237.805751757 0 -14.3171 -17.2548 0.950365 
1449666290.042743711 12 -15.8744 -1.91607 0.87053 
1449666300.025586765 14 -13.4334 0.141266 0.873582 
1449666300.862350687 12 -14.5714 0.123877 0.90969 
1449666367.245798254 13 -14.6721 -17.129 0.956262 
1449666367.045195577 0 -14.8427 -17.1892 0.950263 
1449666416.631285379 13 -15.4193 -17.7247 0.879854 
1449666423.992340575 13 -13.3406 -14.6717 0.931878 
1449666424.060345042 0 -13.221 -14.8567 0.938754 
1449666486.758967778 8 -8.34338 -4.41915 0.942833 
1449666536.506960042 6 -13.8048 -4.68406 0.985893 
1449666552.136827319 14 -14.8208 -10.0675 0.949281 
1449666599.143564825 0 -13.8097 -17.2605 0.914353 
1449666599.346068852 13 -13.7659 -17.0607 0.937123 
1449666737.214898675 0 -13.7793 -17.2786 0.915507 
1449666749.735433831 9 -13.2495 -11.6674 0.999043 
1449666792.327094691 6 -13.8362 -4.82419 0.985749 
1449666804.842139107 7 -12.9848 -11.6115 0.985532 
1449666805.445814117 11 -13.0531 -11.6617 0.989283 
1449667071.441459859 14 -18.0552 -13.2983 0.887736 
1449667290.959187862 13 -13.3796 -16.2106 0.938084 
1449667290.727066911 0 -13.2764 -15.838 0.912804 
1449667304.083008117 9 -13.5362 -11.8675 0.998359 
1449667356.897944878 7 -12.8379 -12.4106 0.987331 
1449667357.366171400 11 -12.7268 -12.6753 0.98592 
1449667356.966299854 15 -13.0873 -12.5319 0.998206 
1449667488.309231969 13 -13.4205 -16.8093 0.923629 
1449667487.942256594 0 -13.4124 -17.0259 0.889606 
1449667516.021779091 10 -13.4874 -4.44819 0.974733 
1449667526.098223759 10 -12.832 -4.62502 0.962791 
1449667582.934546804 13 -15.0083 -17.9996 0.871891 
1449667612.080915562 13 -14.1269 -17.6491 0.890813 
1449667611.949599710 0 -14.3417 -17.7376 0.899931 
1449667672.059678969 8 -8.03561 -4.53298 0.940902 
1449667702.833171678 14 -9.37292 -7.1265 0.978763 
1449667756.496436428 0 -14.8859 -18.1702 0.890411 
1449667756.657791181 13 -14.8321 -18.2997 0.871706 
1449667777.443323499 13 -15.43 -17.8208 0.874618 
1449667803.450753212 13 -13.3115 -15.5606 0.895633 
1449667803.280640020 0 -13.4079 -15.2249 0.888243 
1449667834.675317802 8 -8.94221 -5.49978 0.981798 
