1449638567.756839469 0 -16.431 -15.4003 0.999977 
1449638567.656145287 13 -16.5236 -15.594 0.996436 
1449638579.496288377 14 -14.3948 -15.0917 1.18198 
1449638579.635030867 13 -13.8611 -14.5066 0.990436 
1449638593.492452481 10 -14.2843 -14.4602 0.999398 
1449638593.588579886 13 -14.4287 -14.4203 1.00035 
1449638607.050108763 14 -15.822 -15.9265 1.18265 
1449638604.637216850 13 -16.2312 -14.6659 0.988998 
1449638617.660144567 10 -13.7485 -14.5555 0.991327 
1449638617.798215001 13 -13.8806 -14.5408 0.993915 
1449638632.208189191 10 -14.2318 -14.3951 0.994038 
1449638632.309001062 13 -14.3891 -14.3867 0.997896 
1449638644.224443443 1 -15.3742 -16.1315 1.17742 
1449638654.839534665 13 -13.8828 -14.5093 0.995472 
1449638674.075221433 13 -14.4338 -14.2767 0.992207 
1449638682.351277350 14 -15.9591 -16.6343 1.01777 
1449638812.784105091 10 -13.764 -14.5599 0.993334 
1449638812.914750277 13 -13.885 -14.5424 0.990758 
1449638830.099526541 10 -14.4172 -14.4809 1.00617 
1449638830.399388274 13 -14.3992 -14.3892 1.0001 
1449638845.014763526 10 -13.5359 -14.7384 0.996032 
1449638845.148804252 13 -13.5965 -14.6576 0.986354 
1449638867.630055519 10 -14.3056 -14.4128 0.991469 
1449638868.007492735 13 -14.6657 -14.3002 0.985086 
1449638868.571611242 14 -15.2787 -15.0216 1.17447 
1449638871.749667089 14 -15.6522 -17.1215 1.01719 
1449638878.274261288 14 -13.7389 -14.7668 0.999116 
1449638891.254872311 10 -15.2005 -14.2909 1.00404 
1449638891.386370764 13 -15.1655 -14.2925 1.0014 
1449638901.610385662 13 -14.244 -14.5224 0.987015 
1449638913.661528265 13 -13.8535 -14.5715 1.00038 
1449638913.493850478 0 -13.7409 -14.5982 0.997619 
1449638924.720439633 8 -14.8774 -14.2296 0.997831 
1449638924.821016726 13 -14.9082 -14.2767 1.00295 
1449638939.362152683 14 -15.6996 -15.8364 1.17718 
1449638936.513961118 13 -16.4762 -15.0163 0.986578 
1449638949.905803734 0 -15.0846 -14.6446 1.01083 
1449638949.976382919 13 -15.245 -14.7562 1.01629 
1449638964.985240385 10 -14.2022 -14.5085 1.00569 
1449638965.117565016 13 -14.3171 -14.4475 1.00258 
1449638970.774940239 1 -15.1874 -16.3974 1.16477 
1449638977.542153309 13 -13.6108 -14.7183 0.990188 
1449638977.403781049 10 -13.517 -14.7726 0.99734 
1449638994.965479304 10 -14.2843 -14.471 1.00431 
1449638995.097071511 13 -14.3825 -14.4231 1.00063 
1449639004.201819394 14 -15.7438 -17.0933 1.01726 
1449639011.752977148 13 -13.6124 -14.6874 0.991165 
1449639023.143713552 14 -14.8146 -14.9874 1.18397 
1449639022.915349956 13 -14.318 -14.3445 0.995693 
1449639022.746927115 0 -13.9868 -14.5204 1.00267 
1449639033.535600505 0 -14.6621 -14.2834 0.99012 
1449639034.203753855 13 -15.3505 -14.4344 0.996564 
1449639047.459625034 13 -15.1698 -14.7137 1.01484 
1449639047.359852034 0 -14.9954 -14.5905 1.00634 
1449639055.931317423 0 -14.7148 -14.3878 0.994134 
1449639055.899804307 13 -14.7051 -14.4107 0.993552 
1449639066.352562027 13 -14.3022 -14.4582 0.984198 
1449639067.296811162 14 -15.1251 -15.106 1.17309 
1449639071.008840341 13 -15.8769 -15.8371 0.999796 
1449639070.842111264 0 -15.918 -15.9064 0.999164 
1449639088.453509638 0 -14.3367 -14.4586 1.00243 
1449639088.583102163 13 -14.561 -14.4303 1.0018 
1449639099.048826666 13 -14.3814 -14.472 0.993152 
1449639109.997802340 10 -13.7071 -14.6341 0.997962 
1449639110.200109126 13 -13.8307 -14.5578 0.991804 
1449639126.780668087 10 -14.2484 -14.4456 1.00616 
1449639126.916159447 13 -14.3602 -14.3832 1.00235 
1449639142.144131196 14 -14.1999 -15.119 1.18227 
1449639142.278304435 13 -13.579 -14.6616 0.991848 
1449639163.387882340 10 -14.3582 -14.3568 0.996704 
1449639163.491212322 13 -14.4886 -14.3114 0.994326 
1449639166.703137142 13 -16.6342 -16.1494 0.988587 
1449639177.575023927 14 -13.8719 -14.5087 0.991136 
1449639189.818268065 13 -14.4301 -14.3591 0.998042 
1449639189.721270253 10 -14.3097 -14.4118 1.00103 
1449639199.951515585 13 -14.817 -14.394 0.99173 
1449639213.706432061 14 -15.7088 -15.2527 1.0283 
1449639213.470379320 13 -15.1765 -14.765 1.02034 
1449639213.404693428 0 -15.0198 -14.6446 1.01307 
1449639222.847515360 10 -14.0488 -14.6263 0.99846 
1449639222.976123821 13 -14.1668 -14.5747 1.00132 
1449639236.619381018 13 -16.1894 -15.8693 1.22274 
1449639247.567654518 13 -13.8349 -14.5495 0.998463 
1449639247.431743487 10 -13.717 -14.5897 1.00146 
1449639260.191274666 13 -14.4009 -14.4007 0.998745 
1449639272.475275042 14 -15.7802 -15.9 1.17555 
1449639270.907017744 13 -15.975 -14.5926 0.975355 
1449639283.551378319 14 -13.8532 -14.5256 0.988843 
1449639300.751350176 13 -14.5214 -14.3872 1.00141 
1449639317.999078355 0 -13.7531 -14.5374 0.995757 
1449639318.129381324 13 -13.8616 -14.494 0.99151 
1449639327.915402678 14 -14.3652 -15.4931 1.09785 
1449639329.216193554 10 -15.1794 -14.2922 1.00076 
1449639329.351519470 13 -15.4259 -14.2384 0.985483 
1449639339.490391583 0 -14.1453 -14.4871 0.993281 
1449639340.033551940 13 -14.7107 -14.3666 0.985617 
1449639348.470487254 0 -13.537 -14.7871 0.999177 
1449639348.603511988 13 -13.6446 -14.7301 0.997572 
1449639368.690753371 14 -14.8396 -15.0089 1.18029 
1449639376.726178148 14 -15.3297 -15.7623 1.18177 
1449639376.491623792 13 -15.9785 -15.6318 0.995687 
1449639376.356497863 0 -16.0351 -15.6233 0.992652 
1449639381.610253633 14 -14.8196 -16.4651 1.20019 
1449639403.393770006 10 -14.2423 -14.4662 1.00267 
1449639403.561808120 13 -14.3764 -14.3859 0.993505 
1449639412.935155822 14 -13.5243 -14.7548 0.995719 
1449639413.070744217 13 -13.6394 -14.7141 0.993006 
1449639429.966263864 10 -14.2227 -14.4658 1.00081 
1449639430.066414476 13 -14.3728 -14.4529 1.00095 
1449639447.171195640 10 -13.5125 -14.7477 1.00245 
1449639447.305613676 13 -13.6416 -14.6614 0.994964 
1449639465.161454235 10 -14.25 -14.3886 0.998189 
1449639465.294295431 13 -14.3632 -14.3206 0.996846 
1449639483.566205563 13 -13.8588 -14.5153 0.992376 
1449639495.769398336 13 -14.3964 -14.3678 0.998875 
1449639505.457582635 14 -14.702 -15.0595 1.174 
1449639505.860809552 13 -14.7123 -14.4294 0.994302 
1449639512.877160201 14 -14.4695 -15.1063 1.1818 
1449639512.843884692 13 -14.14 -14.4675 0.991705 
1449639534.998561906 14 -14.8252 -15.0753 1.18406 
1449639551.128384238 14 -14.2593 -14.9913 1.17492 
1449639571.365187104 13 -14.6222 -14.3216 1.00677 
1449639576.085216971 14 -15.3248 -16.2093 1.22948 
1449639582.056747467 13 -13.6215 -14.6575 0.984651 
1449639582.220479007 14 -14.139 -15.1315 1.1761 
1449639594.698465833 13 -14.2051 -14.4292 0.996114 
1449639605.071698075 10 -14.3398 -14.414 0.988085 
1449639605.264734985 13 -14.5559 -14.4113 0.995813 
1449639610.989256333 13 -15.8863 -15.7598 0.989618 
1449639611.057065006 0 -15.8429 -15.6033 0.995824 
1449639616.078612884 14 -14.7659 -16.6162 1.1896 
1449639636.984100505 13 -14.3503 -14.42 1.00067 
1449639636.848273742 10 -14.2192 -14.4238 0.995937 
1449639649.141920666 14 -13.6409 -14.7046 0.991444 
1449639660.718710185 8 -15.0319 -14.2516 0.994758 
1449639672.188461314 13 -15.4188 -14.4624 0.9859 
1449639671.489625335 0 -14.6633 -14.3539 0.989405 
1449639684.770702746 14 -14.9551 -15.216 1.18322 
1449639684.873369376 13 -15.0768 -14.6623 0.997373 
1449639684.873369376 0 -14.9057 -14.54 0.989943 
1449639705.728986733 13 -15.9482 -14.6212 0.995538 
1449639705.465823599 0 -15.7833 -14.4543 0.994139 
1449639717.303644131 13 -13.8403 -14.582 0.996336 
1449639728.569343592 10 -14.9485 -14.2655 0.999259 
1449639728.671287518 13 -15.1519 -14.2993 0.997948 
1449639740.297729019 14 -15.5654 -15.225 1.17348 
1449639739.123305494 13 -14.434 -14.4161 0.986823 
1449639751.043601581 14 -13.814 -14.5204 0.98869 
1449639770.107481026 13 -14.4267 -14.324 0.998454 
1449639774.927498464 1 -15.5009 -16.4661 1.13733 
1449639786.873737327 14 -14.6468 -15.5221 1.25662 
1449639787.975928240 14 -15.986 -15.9804 1.01364 
1449639801.142292767 10 -14.1861 -14.5572 1.00394 
1449639801.272671568 13 -14.2998 -14.5081 1.00283 
1449639814.223198968 14 -14.7643 -16.4139 1.19827 
1449639819.875165644 14 -14.2608 -14.9699 1.17812 
1449639840.939786703 13 -14.5224 -14.3383 1.00682 
1449639847.521249332 13 -15.5596 -16.7164 1.01258 
1449639847.422193705 14 -15.6232 -16.6718 1.00653 
1449639848.758460381 14 -14.6505 -15.0415 1.18026 
1449639864.010576961 13 -14.4101 -14.557 1.00755 
1449639864.010576961 0 -14.2145 -14.5636 1.00635 
1449639886.582738805 14 -14.3233 -15.099 1.17762 
1449639897.342220761 13 -14.7971 -14.2899 0.995198 
1449639897.412051253 0 -14.8265 -14.2783 0.996394 
1449639907.802222985 0 -14.4124 -14.3685 0.992186 
1449639908.506399244 13 -15.1503 -14.3557 0.986609 
1449639913.160987836 14 -15.2929 -15.7989 1.1806 
1449639912.854936479 13 -15.9217 -15.8464 0.99127 
1449639912.927255306 0 -15.9174 -15.7444 0.994712 
1449639935.113269636 10 -14.1604 -14.5462 1.00222 
1449639935.210823417 13 -14.2946 -14.5222 1.00574 
1449639945.322262736 13 -15.8983 -15.6435 1.0018 
1449639945.354688724 0 -15.9054 -15.5897 0.998007 
1449639970.663535763 10 -14.2454 -14.4596 1.00345 
1449639970.762520211 13 -14.3708 -14.4071 1.00272 
1449639975.586537397 1 -15.2482 -16.3953 1.17173 
1449639986.767853458 13 -13.8229 -14.5468 0.997209 
1449640003.166291944 8 -14.2211 -14.4221 0.999668 
1449640003.266391638 13 -14.351 -14.3783 0.994821 
1449640022.874732421 14 -13.878 -14.4831 0.992605 
1449640041.586142669 13 -14.5487 -14.3934 1.00081 
1449640041.586142669 10 -14.363 -14.442 1.00554 
1449640051.123411006 14 -15.3131 -15.6567 1.17769 
1449640050.857212372 13 -15.9217 -15.5922 0.992589 
1449640050.725013687 0 -15.9828 -15.6025 0.991741 
1449640068.345161040 10 -15.0033 -14.4115 1.00189 
1449640068.478908241 13 -15.2162 -14.3967 0.994767 
1449640078.740990634 13 -14.1986 -14.5687 0.98881 
1449640090.081311635 14 -14.274 -15.0603 1.17798 
1449640089.947876674 13 -13.8461 -14.5389 0.990223 
1449640106.062418059 10 -14.2328 -14.4311 1.00266 
1449640106.165436528 13 -14.3581 -14.3931 1.00146 
1449640118.682016407 14 -14.7073 -16.416 1.20287 
1449640124.499123312 14 -14.2808 -15.0144 1.17766 
1449640142.129626351 10 -14.2955 -14.3703 0.996799 
1449640142.232234665 13 -14.4486 -14.3164 0.995215 
1449640158.016595081 10 -13.5162 -14.7548 0.995103 
1449640158.154481354 13 -13.6367 -14.6886 0.992938 
1449640184.667982379 13 -14.3836 -14.3444 0.991739 
1449641049.143502261 14 -14.3429 -15.1434 1.18447 
1449641069.415356078 13 -14.4257 -14.2808 0.993287 
1449641069.279684832 10 -14.261 -14.3718 0.999613 
1449641076.911339809 1 -15.3 -16.0999 1.15523 
1449641087.056273451 0 -13.7384 -14.5507 0.99852 
1449641087.194548423 13 -13.8556 -14.5161 0.994794 
1449641089.098247582 14 -15.9663 -16.1004 1.01918 
1449641102.760539989 13 -14.3134 -14.4844 0.997354 
1449641102.661960139 0 -14.1816 -14.5602 1.00226 
1449641121.942216128 13 -13.8536 -14.4915 0.994108 
1449641121.769973791 0 -13.7492 -14.5462 0.998874 
1449641133.699230709 14 -15.1545 -15.0126 1.18188 
1449641132.761332860 13 -14.7574 -14.3868 1.00726 
1449641132.761332860 0 -14.5629 -14.4871 1.01377 
1449641144.194778499 14 -15.1293 -15.0743 1.18097 
1449641143.753500592 10 -14.4581 -14.3835 0.993801 
1449641144.466308334 13 -14.9878 -14.3412 0.989586 
1449641150.150583081 13 -15.5561 -14.9674 0.989375 
1449641150.014758082 0 -15.6755 -15.1309 0.997259 
1449641175.855917426 10 -14.2611 -14.4946 1.00448 
1449641175.955651067 13 -14.3825 -14.4293 0.997238 
1449641193.161922144 10 -13.7794 -14.5602 0.999299 
1449641193.301275195 13 -13.9022 -14.5048 0.9972 
1449641207.105575735 13 -14.3591 -14.4159 0.998853 
1449641206.966078067 10 -14.2449 -14.4504 0.999516 
1449641218.369066687 13 -16.638 -15.2795 0.993778 
1449641218.201308795 0 -16.5776 -15.0204 0.983816 
1449641230.011936987 13 -13.7065 -14.7156 0.993449 
1449641229.874331021 0 -13.5899 -14.7589 0.99476 
1449641242.565400355 10 -15.4221 -14.317 0.995671 
1449641242.500979448 13 -15.4537 -14.3226 0.994699 
1449641253.508071865 13 -14.9457 -14.3362 0.988193 
1449641253.934605824 14 -15.3811 -15.134 1.17556 
1449641253.000763806 0 -14.4315 -14.3969 0.99561 
1449641265.856009530 13 -13.8813 -14.5257 0.992988 
1449641278.052664342 14 -14.4528 -14.4154 0.989696 
1449641287.677571250 14 -14.4212 -15.2222 1.17588 
1449641287.304866891 13 -13.5001 -15.1974 0.986484 
1449641294.617403890 14 -14.4368 -15.0978 1.17825 
1449641294.465223474 13 -14.2777 -14.5181 0.9975 
