1449137089.370518267 15 -14.0661 -13.1111 0.884007
1449137111.170684687 15 -13.9178 -13.2409 0.892248
1449137125.517935060 15 -15.2442 -11.4528 0.896135
1449137180.216839808 9 -6.68715 -10.6408 0.783434
1449137225.089470511 14 -12.7641 -9.4355 0.87965
1449137266.158390807 6 -17.7402 -5.41022 0.804814
1449137291.722567590 10 -16.8967 -5.14256 0.814692
1449137342.124650630 14 -13.9302 -10.3885 0.808626
1449137400.367472235 12 -15.1571 0.277722 0.743733
1449137441.647999500 12 -16.1423 -1.09124 0.726545
1449137443.449703158 12 -15.8178 -0.32819 0.760678
1449137548.012197023 15 -14.9873 -13.3622 0.808625
1449137642.789363481 14 -8.67479 -4.48634 0.88401
1449137676.267786741 10 -13.745 -3.63665 0.879722
1449137695.357014772 10 -14.3582 -2.95326 0.789189
1449137722.175294383 14 -14.6825 -10.214 0.849115
1449137780.993296144 14 -12.9383 -9.85195 0.828095
1449137828.082050112 14 -8.46479 -12.7005 0.864756
1449137848.811592750 9 -6.89483 -12.3236 0.763082
1449137907.611455516 9 -7.52032 -12.4284 0.879467
1449137934.208608961 9 -9.29257 -12.2254 0.875336
1449137955.991205985 9 -9.56706 -11.8915 0.860825
1449137978.122101691 9 -6.82521 -11.8366 0.79837
1449138020.860712374 15 -14.7188 -12.7897 0.903161
1449138040.427910249 15 -15.2627 -13.2009 0.813174
1449138090.712685229 8 -9.61178 -4.75509 0.824032
1449138118.611678967 8 -7.57658 -4.79595 0.838658
1449138175.822063838 9 -6.45038 -10.0792 0.761693
1449138202.320621132 15 -12.9665 -13.5264 0.818256
1449140071.938800086 10 -13.7259 -3.77326 0.958386
1449140088.471198442 10 -15.1508 -4.0495 0.952502
1449140129.770923787 0 -12.3635 -14.5122 0.878403
1449140130.304323087 13 -12.2182 -14.8673 0.851877
1449140143.271125363 13 -12.7247 -16.0493 0.900633
1449140177.604346184 13 -12.7122 -16.8771 0.912567
1449140190.971245499 13 -12.5711 -15.9911 0.920043
1449140190.937885934 0 -12.5789 -16.1836 0.925699
1449140210.004256891 13 -12.415 -15.7492 0.900563
1449140210.037882269 0 -12.3969 -15.9015 0.912557
1449140311.210917229 15 -14.9472 -11.5074 0.984144
1449140318.307996796 15 -11.9659 -11.4599 0.935645
1449140685.528635243 8 -8.94722 -4.55036 0.951645
1449140793.312083861 12 -15.5488 -0.838408 0.917056
1449140803.695541782 12 -14.1067 0.0684804 0.907597
1449140976.440202972 12 -15.9231 -1.96134 0.870873
1449140977.374724389 14 -15.0485 -0.130022 0.909063
1449140989.637797454 12 -14.6417 0.148555 0.890184
1449141000.604250653 12 -14.4425 0.207674 0.880539
1449141017.383873487 12 -14.3885 0.135549 0.906916
1449141042.159710328 12 -14.3698 0.0342862 0.943024
1449141055.594381924 12 -14.4903 0.0376425 0.933669
1449141074.308804336 12 -14.547 0.0367866 0.928723
1449141097.642061760 12 -15.3543 -0.0619383 0.912015
1449141111.484114836 12 -14.7436 0.0130041 0.951253
1449141138.817064600 6 -16.9527 -6.09053 0.892064
1449141233.976347276 14 -8.13756 -12.6269 0.979346
1449141241.055759179 14 -9.37629 -12.0206 0.986003
1449141252.345433167 14 -8.21641 -12.6946 0.962245
1449141260.154619275 14 -9.45056 -11.7837 0.999037
1449141270.113668747 14 -8.34734 -12.6547 0.966662
1449141278.863366004 14 -9.62101 -11.9064 0.971945
1449141288.607620632 14 -8.37401 -12.663 0.966506
1449141315.840531301 12 -9.43655 -12.0445 0.996746
1449141330.486145279 14 -8.01422 -12.4136 0.970726
1449141349.460121458 9 -8.50245 -12.9616 0.889045
