1449585413.053023630 15 -12.9414 -9.50173 1.06753 
1449585481.433703138 7 -11.2504 -12.2974 1.10196 
1449585641.329796546 14 -15.6065 -5.35961 1.15437 
1449585668.641840956 15 -13.1375 -10.5646 1.09815 
1449585679.771227085 7 -14.3432 -12.2473 1.07493 
1449585694.821905317 7 -14.447 -12.1114 1.07572 
1449585739.156384619 9 -11.0369 -11.7315 1.06637 
1449585784.703029469 14 -7.76373 -10.301 1.22638 
1449585805.323838490 14 -8.97708 -6.07449 1.21567 
1449585913.836540080 14 -16.6297 -4.56131 0.93597 
1449585941.471546638 6 -12.253 -3.09785 1.1032 
1449585953.357389780 6 -13.0305 -4.43138 1.09818 
1449585953.924888657 14 -13.2993 -3.63414 1.26474 
1449585962.993614684 6 -12.9883 -4.88266 1.09485 
1449585964.470019819 14 -13.8888 -3.54893 1.23486 
1449585974.789807965 14 -10.3089 -5.19873 1.23307 
1449585989.870375388 8 -8.66714 -6.98434 1.08179 
1449586000.047396647 14 -8.70099 -6.99002 1.22774 
1449586016.347332349 3 -13.3435 -6.68433 1.10113 
1449586019.629168387 14 -13.493 -8.28392 1.07409 
1449586030.018638375 14 -14.2457 -8.20992 1.06914 
1449586043.442223553 15 -13.4613 -10.755 1.0961 
1449586058.057055195 15 -13.2293 -11.4173 1.10107 
1449586108.448997015 14 -10.1839 -5.19664 1.23103 
1449586115.339591433 12 -8.66257 -5.66187 1.22863 
1449586116.198038344 13 -8.30029 -5.69667 1.22544 
1449586167.482261838 14 -9.02646 -6.05655 1.22865 
1449586208.287797912 15 -13.7771 -10.3357 1.10794 
1449586214.921240988 7 -13.4382 -12.0492 1.0854 
1449586219.407839020 7 -14.5131 -12.2493 1.07516 
1449586231.888042939 14 -15.4237 -12.6748 1.09812 
1449586273.288787248 14 -10.2815 -5.21933 1.23312 
1449586280.289400232 12 -8.59284 -5.66312 1.22781 
1449586291.357139438 8 -7.64246 -5.76815 1.08998 
1449586299.865261580 14 -8.78924 -6.92666 1.23301 
1449586328.199832706 15 -13.1388 -10.5423 1.10882 
1449586336.002990996 7 -14.4609 -12.1045 1.07612 
1449586339.482180147 15 -13.1515 -12.2281 1.09777 
1449586353.102852310 9 -11.1068 -11.6598 1.07609 
1449586357.758863336 13 -8.92551 -12.2978 1.26568 
1449586359.228038479 14 -9.04023 -10.9446 1.06192 
1449586389.185635353 14 -8.02181 -6.71408 1.22141 
1449586410.341626443 14 -13.2808 -3.56912 1.25698 
1449586409.666693483 6 -13.03 -4.36726 1.10111 
1449586425.029735281 7 -13.5524 -6.82284 1.10775 
1449586432.762947487 14 -13.939 -8.59946 1.20848 
1449586448.964065889 14 -13.8861 -8.0409 1.07573 
1449586482.337481124 14 -13.4591 -8.07394 1.07653 
1449586505.362517804 14 -13.4507 -8.00503 1.07365 
1449586529.229375482 13 -12.1077 -4.16092 1.2349 
1449586533.683740348 14 -11.8662 -5.12696 1.22129 
1449586539.639431652 14 -10.4232 -3.96637 1.23147 
1449586552.525127697 14 -12.8324 -2.73069 1.22385 
1449586556.983662294 7 -13.365 -0.957961 1.19082 
1449586565.676929422 14 -14.3719 -2.15843 1.23366 
1449586583.019614524 14 -11.6679 -3.21177 1.24347 
1449586595.471723247 14 -11.8662 -3.11856 1.25926 
1449586598.880588797 6 -11.3661 -3.36366 1.09837 
1449586612.505770852 14 -13.8075 -5.86678 0.912377 
1449586652.304433256 14 -10.3937 -5.22869 1.23187 
1449586661.880117656 8 -8.58745 -6.94885 1.08013 
1449586681.463706489 9 -7.86955 -6.95466 1.06596 
1449586696.020031793 14 -9.32906 -12.3611 1.1297 
1449586719.320580690 7 -11.3461 -12.2489 1.10964 
1449586735.948291569 14 -14.0445 -5.59216 1.26045 
1449586747.263582375 14 -12.674 -2.706 1.22593 
1449586760.287076623 14 -14.3718 -2.13069 1.23349 
1449586766.815767254 14 -13.7437 -1.02448 1.2177 
1449586766.475600737 12 -13.7614 -0.595608 1.0307 
1449586798.683641585 7 -16.7923 -3.22919 1.11443 
1449586800.918870893 6 -15.7582 -5.45488 1.10601 
1449586809.557028019 3 -13.7002 -6.80765 1.1101 
1449586808.081501467 7 -13.2171 -5.9302 1.11949 
1449586817.590815942 14 -14.0941 -8.73669 1.21069 
1449586843.326957415 14 -10.2978 -5.21052 1.23135 
1449586855.207569019 8 -8.64567 -6.96641 1.08128 
1449586882.993498534 3 -13.0899 -7.00387 1.10047 
1449586893.163455548 14 -13.4695 -8.34631 1.07152 
1449586916.897970023 13 -15.0297 -5.93131 1.14304 
1449586938.554322046 6 -15.8655 -5.4043 1.10255 
1449586947.027287271 7 -13.8108 -6.7165 1.11203 
1449586959.508792066 14 -14.095 -8.11572 1.15122 
1449586968.742178353 15 -13.4308 -7.80807 1.07165 
1449586982.334391221 9 -11.1179 -11.7625 1.08495 
1449586988.326215112 9 -9.08656 -11.0042 1.06103 
1449586986.951699594 13 -9.10985 -12.1508 1.26305 
1449587023.974864981 14 -11.1323 -13.2781 1.21906 
1449587030.031819324 14 -13.6966 -12.7684 1.1573 
1449587033.410078064 7 -14.5514 -12.105 1.07882 
1449587036.554903935 15 -13.2024 -12.4242 1.093 
1449587051.017874944 7 -12.7854 -9.79805 1.10781 
1449587054.799638882 14 -13.4837 -8.45969 1.06945 
1449587087.368715198 12 -12.6586 -3.30676 1.05112 
1449587087.633097845 14 -12.8752 -2.77638 1.2269 
1449587090.878333599 14 -13.3957 -0.364825 1.24069 
1449587098.109847530 12 -14.98 -2.22919 1.03655 
1449587098.509253834 14 -14.5404 -2.01503 1.23354 
1449587121.504976699 6 -12.2247 -3.06793 1.10349 
1449587133.629687017 3 -13.6385 -6.84201 1.10914 
1449587140.216869599 14 -13.3901 -8.40038 1.07578 
1449587160.800386859 14 -13.6891 -5.2865 1.25855 
1449587183.897039359 12 -14.7374 -2.4992 1.03914 
1449587184.264670274 14 -14.3695 -2.17997 1.23214 
1449587206.992388827 6 -12.1355 -3.19568 1.09868 
1449587213.048371734 14 -12.3062 -3.97432 1.10299 
1449587218.741015747 3 -13.6621 -6.7772 1.1126 
1449587222.959945667 14 -14.214 -8.37814 1.16282 
1449587232.336288742 14 -13.5496 -8.24179 1.07931 
1449587270.819784133 6 -15.8881 -5.51371 1.10434 
1449587281.431837038 15 -12.7196 -7.9164 1.08982 
1449587308.315159691 7 -11.3095 -12.6335 1.1023 
1449587328.326904822 6 -13.3925 -4.06262 1.09565 
1449587328.897890243 14 -14.2184 -3.48462 1.2562 
1449587340.476819376 6 -14.1443 -3.90771 1.0977 
1449587341.147476377 14 -14.511 -3.54444 1.25748 
1449587351.322378478 6 -13.9907 -3.96906 1.11575 
1449587351.556247244 14 -14.5419 -4.06742 1.12192 
1449587382.183160039 14 -16.1374 -4.7718 1.14558 
1449587382.447195350 6 -15.6732 -5.38223 1.10703 
1449587389.006942573 7 -12.3688 -5.65897 1.10483 
1449587396.607204744 15 -13.2266 -10.4364 1.09954 
1449587397.611019855 14 -12.9351 -10.4829 1.02162 
1449587403.336112935 7 -14.4523 -12.1014 1.07464 
1449587406.817323094 15 -13.1494 -12.2236 1.09783 
1449587434.294672619 14 -10.3014 -5.21312 1.22957 
1449587438.581397295 12 -8.68022 -5.64645 1.22867 
1449587445.006541052 8 -8.62031 -6.94256 1.08577 
1449587449.593984510 12 -8.19623 -5.75854 1.22504 
1449587471.691071933 3 -12.8199 -5.42924 1.10723 
1449587479.446243483 15 -13.2518 -10.4591 1.10083 
1449587487.110420186 7 -14.4615 -12.0968 1.07531 
1449587490.595791400 15 -13.1201 -12.2013 1.09866 
1449587515.905415669 13 -15.4117 -5.0734 1.17306 
1449587537.894315948 6 -15.9045 -4.47878 1.09231 
1449587549.233679361 14 -10.3548 -5.17228 1.23468 
1449587555.594432756 8 -7.87195 -5.21472 1.08508 
1449587570.562200259 14 -8.63308 -5.89391 1.22098 
1449587577.688490694 14 -7.75236 -6.27979 1.06678 
1449587593.022330147 13 -9.37413 -12.1852 1.14013 
1449587594.225230916 14 -9.786 -12.1484 1.12574 
1449587609.484574381 14 -11.5724 -12.9048 1.23003 
1449587609.649276744 7 -11.368 -12.6099 1.10252 
1449587625.014001150 14 -14.3157 -8.2756 1.1579 
1449587635.562775744 15 -13.6351 -8.11894 1.07367 
1449587667.695827703 9 -11.1865 -11.7629 1.06993 
1449587679.437890163 9 -7.9957 -10.5055 1.06285 
1449587696.644373859 7 -11.3027 -12.4328 1.0983 
1449587714.252990700 14 -14.1517 -8.24012 1.15339 
1449587729.476669287 14 -15.1773 -6.09944 1.25418 
1449587742.432452741 14 -15.0699 -4.21564 1.23034 
1449587750.096226695 14 -12.0039 -5.0923 1.11481 
1449587752.644235406 6 -9.88376 -4.94318 1.09919 
1449587756.320611736 14 -10.3122 -4.17767 1.23141 
1449587796.457998372 6 -15.9185 -4.4019 1.09309 
1449587797.592951195 14 -15.7221 -4.07192 1.23679 
1449587808.072693265 14 -10.2301 -5.1878 1.23239 
1449587822.163201157 8 -8.66033 -6.98774 1.08382 
1449587842.279729033 14 -14.1219 -4.56371 1.08467 
1449587852.552855058 15 -13.2301 -10.4753 1.09966 
1449587860.483549377 7 -14.4526 -12.1074 1.07526 
1449587863.965726094 15 -13.1511 -12.227 1.09994 
1449587891.918808967 14 -11.3109 -4.1704 1.2518 
1449587896.667122907 14 -10.5789 -5.64005 1.10498 
1449587934.223038728 14 -17.3661 -4.30552 1.27871 
1449587935.727129537 6 -15.9381 -5.42184 1.10036 
1449587942.259192249 7 -12.5499 -5.52447 1.10372 
1449587946.342116826 15 -12.7202 -8.01838 1.08175 
1449588092.280765584 7 -11.6118 -12.7842 1.10568 
1449588111.619162333 13 -12.5346 -4.38021 1.2341 
1449588118.414247514 14 -10.5782 -5.69567 1.1045 
1449588122.429737039 14 -10.4179 -3.95361 1.23491 
1449588139.705015780 6 -12.9997 -4.34277 1.09401 
1449588140.270314580 14 -13.2842 -3.62094 1.25701 
1449588151.789200882 6 -13.0487 -4.20255 1.09545 
1449588152.323249368 14 -13.4285 -3.52488 1.2631 
1449588167.655179187 7 -13.324 -5.84157 1.11597 
1449588170.234747555 3 -13.5387 -7.28213 1.09893 
1449588173.578359593 14 -13.3231 -8.4506 1.07543 
1449588204.233607646 6 -13.0492 -4.332 1.10309 
1449588204.741750141 14 -13.3787 -3.59653 1.25984 
1449595745.304316475 14 -16.6784 -5.76427 1.2152 
1449595811.788924634 14 -14.1929 -5.60786 1.1957 
1449595817.619344261 14 -12.5431 -4.77213 1.20216 
1449595825.515342609 14 -10.2621 -4.16091 1.19321 
1449595890.516656443 14 -13.4943 -8.24956 1.0407 
1449595906.593449357 14 -13.5187 -8.16994 1.03895 
1449595923.906085102 14 -14.5892 -8.20133 1.12317 
1449595951.568729560 14 -14.2235 -7.92203 1.11802 
1449595984.989219494 14 -14.3587 -7.85924 1.12257 
1449595983.752874630 7 -13.4823 -7.9324 1.25934 
1449596035.341412930 14 -14.1478 -8.26945 1.2003 
1449596082.470428424 7 -14.2239 -9.217 1.06814 
1449596082.709037015 15 -14.223 -9.34786 1.06081 
1449596112.293378882 9 -10.9274 -11.7578 1.0064 
1449596119.152199508 14 -7.8494 -10.6381 1.20249 
1449596150.751913653 12 -13.0802 -3.70249 0.968883 
1449596152.928090488 12 -11.9402 -1.4286 0.99521 
1449596157.850066954 12 -13.9001 -2.58154 0.993182 
1449596173.113209955 12 -13.9137 -0.589211 0.984659 
1449596187.904054396 1 -17.358 -3.50211 1.20257 
1449596189.843880711 14 -16.244 -4.80064 1.10312 
1449596204.440291117 7 -13.3749 -10.5293 1.06507 
1449596204.303705229 15 -13.3408 -10.4385 1.07431 
1449596215.419846484 15 -13.153 -12.2228 1.062 
1449596215.652336552 7 -13.0839 -12.0915 1.04701 
1449596231.826069015 10 -13.6849 -7.35298 1.05691 
1449596238.747782193 0 -14.8218 -5.63931 1.07715 
1449596281.556567144 12 -14.7851 -2.41785 0.990226 
1449596309.411522862 14 -10.1849 -5.24107 1.21254 
1449596306.930896843 7 -10.6416 -5.03494 1.27744 
1449596314.734041217 14 -8.28785 -5.71811 1.20974 
1449596320.522459021 8 -8.60761 -6.96862 1.04486 
1449596331.226761392 14 -8.15107 -6.09105 1.03085 
1449596332.869237564 9 -7.92167 -7.18777 1.01583 
1449596358.506941427 14 -8.08535 -10.9952 1.20024 
1449596372.467859273 8 -8.52186 -7.12453 1.04409 
1449596377.388902421 14 -8.14561 -5.84236 1.20904 
1449596390.647122028 14 -7.97794 -6.56299 1.01666 
1449596406.139314421 9 -7.79991 -10.5551 1.02006 
1449596418.490814360 9 -7.84138 -10.4579 1.0219 
1449596432.650934283 13 -7.77477 -10.6775 1.20026 
1449596465.286946343 10 -14.6946 -5.39477 1.05755 
1449596471.376741303 14 -15.0301 -5.632 1.19403 
1449596482.049932039 14 -10.3124 -5.22035 1.21452 
1449596490.660259564 8 -8.03483 -6.89374 1.04169 
1449596495.541188729 14 -8.22613 -5.76563 1.20966 
1449596515.925180981 14 -10.2929 -4.0642 1.19616 
1449596563.048883222 14 -12.089 -5.12379 1.16027 
1449596571.857317796 14 -10.3275 -4.11912 1.19523 
1449596595.148789788 12 -13.1962 -2.69381 1.0024 
1449596606.037377362 12 -14.701 -2.45322 0.995664 
1449596633.680682894 14 -10.1152 -5.43471 1.21332 
1449596648.577310515 8 -8.62264 -7.00366 1.04041 
1449596658.412358082 14 -7.94732 -6.10818 1.01518 
1449596659.850744388 9 -7.94429 -7.19307 1.01654 
1449596674.345721088 3 -9.45115 -12.7128 1.04441 
1449596674.345721088 14 -9.28774 -12.7934 1.05384 
1449596734.829837360 14 -15.8654 -5.09316 1.11676 
1449596746.339879788 7 -12.9539 -8.75706 1.02694 
1449596745.676449367 15 -12.7871 -8.24315 1.01149 
1449596776.331521037 9 -10.9659 -11.7432 1.00405 
1449596782.462911561 14 -8.06017 -10.8396 1.19759 
1449596800.964703454 14 -8.31257 -4.59196 1.10971 
1449596826.403304716 12 -12.4379 -3.22741 0.977916 
1449596830.891209554 14 -13.4741 -1.19057 1.28481 
1449596839.691093912 12 -14.7566 -2.46391 0.992739 
1449596862.889018953 14 -10.2709 -5.25356 1.21235 
1449597092.097381153 9 -7.81905 -6.88845 1.01657 
1449597103.685138916 9 -7.75552 -10.5383 1.02015 
1449597119.350678260 14 -7.77226 -10.5882 1.20104 
1449597150.342096988 10 -14.7019 -5.36588 1.05526 
1449597161.485237839 14 -14.2707 -4.3577 1.01084 
1449597172.160449735 15 -13.2164 -10.4921 1.07151 
1449597172.897247250 7 -13.308 -10.1917 0.982433 
1449597175.811707666 14 -14.846 -10.4707 1.02336 
1449597181.973227915 15 -13.1361 -12.2216 1.06302 
1449597182.208207830 7 -13.0891 -12.0933 1.04837 
1449597201.216568238 9 -11.0784 -11.7673 1.025 
1449597213.464774803 9 -8.04957 -10.5116 1.02218 
1449597226.821317228 3 -9.2447 -12.1881 1.04131 
1449597227.257804851 14 -9.35046 -11.9756 1.0711 
1449597249.283092851 14 -12.2972 -14.1721 1.04449 
1449597300.727405388 14 -12.7755 -3.03395 1.19093 
1449597322.480279283 12 -13.3718 -2.5884 1.00173 
1449597333.731414500 12 -14.8397 -2.54859 0.992521 
1449597341.125413929 14 -15.236 -1.06931 0.995816 
1449597346.046806686 14 -14.9476 -1.8142 1.20458 
1449597379.955033063 7 -12.8667 -8.59545 1.02216 
1449597379.417837579 15 -12.755 -8.09386 1.00945 
1449597410.511377675 15 -13.1737 -12.4376 1.06147 
1449597410.750371748 7 -13.0926 -12.3082 1.04886 
1449597443.212409703 14 -11.693 -4.64726 1.24033 
1449597452.418757332 14 -11.5998 -4.34388 1.23889 
1449597504.466522639 12 -14.6739 -2.38018 1.0067 
1449597538.779628491 7 -13.1834 -8.02104 1.00746 
1449597538.676978149 15 -12.9987 -7.93526 1.01822 
1449597586.104007603 14 -12.548 -4.33095 1.19478 
1449597595.744859982 14 -10.4569 -3.92869 1.19645 
1449597612.879590405 14 -10.5578 -3.93004 1.19666 
1449597640.125606118 7 -14.0437 -10.2825 1.06675 
1449597640.459659598 15 -14.017 -10.4067 1.06889 
1449597644.913802071 15 -13.1031 -12.1891 1.07028 
1449597645.147122131 7 -13.1083 -12.1684 1.05409 
1449597682.632932473 12 -12.473 -3.24635 0.984797 
1449597697.160849986 12 -14.7416 -2.48573 0.993813 
1449597714.397655647 12 -14.749 -2.4137 0.994522 
1449597738.532939260 14 -10.2934 -5.26738 1.21306 
1449597746.260859713 14 -8.12271 -5.8245 1.20987 
1449597751.952759497 8 -8.61013 -6.98696 1.04315 
1449597763.140322408 14 -7.98869 -6.73198 1.01933 
1449597791.823838527 14 -7.81867 -10.904 1.20167 
1449597820.271836743 14 -13.7181 -3.35308 1.18906 
1449597840.553096657 15 -12.8111 -8.30323 1.01389 
1449597841.121100481 7 -13.0257 -8.7403 1.02636 
1449597851.029591203 14 -12.1199 -11.2435 1.04056 
1449597872.616067703 9 -11.0977 -11.7489 1.01759 
1449597883.497170646 9 -8.04103 -10.4861 1.0213 
1449597911.979320544 14 -7.98015 -10.7865 1.20457 
1449597911.378233465 13 -8.16617 -10.9629 1.20038 
1449597927.544474254 8 -8.74667 -7.11156 1.03223 
1449597932.564784429 14 -8.14402 -5.84079 1.2091 
1449597944.550715163 14 -8.14438 -5.8647 1.21153 
1449597997.498771323 14 -12.4292 -5.10309 1.20428 
1449597997.230898817 11 -11.9911 -4.92038 1.28415 
1449598007.107111732 14 -10.3732 -4.10187 1.19477 
1449598023.341841426 14 -14.8923 -6.37256 1.19226 
1449598023.138539411 12 -14.0401 -5.52254 1.28047 
1449598034.289204783 14 -14.413 -3.51787 1.20692 
1449598046.903868806 15 -12.865 -8.26988 1.01453 
1449598047.505816774 7 -12.9783 -8.80327 1.02814 
1449598076.706614691 9 -11.5528 -11.6163 1.00805 
1449598084.440610695 14 -7.81223 -10.5832 1.20324 
1449598117.477133811 14 -7.90636 -6.61319 1.017 
1449598159.545250862 0 -15.0379 -14.9779 1.00401 
1449598267.459025700 13 -14.1833 -15.6614 1.04798 
1449598267.529165944 0 -14.1623 -15.5598 1.04049 
1449598298.920497992 10 -13.4344 -6.27319 1.07711 
1449598326.643823197 7 -12.9693 -8.83296 1.02577 
1449598326.068852057 15 -12.8508 -8.35843 1.01843 
1449598336.512943647 14 -12.1483 -11.26 1.04487 
1449598357.296640841 9 -11.6935 -11.7453 1.00334 
1449598363.388771830 14 -8.38581 -11.2478 1.203 
1449598364.760176835 13 -7.92903 -10.7386 1.20244 
1449598378.248389047 14 -8.66283 -6.1279 1.20994 
1449598388.628124119 14 -8.41718 -5.91376 1.21094 
1449598396.356494705 14 -7.82163 -6.77585 1.01568 
1449598419.656282632 9 -8.23128 -10.3604 1.01516 
1449598434.987519189 14 -7.93143 -10.9412 1.2007 
1449598499.987518149 14 -12.5566 -1.14518 1.24777 
1449598506.475002275 12 -14.7359 -2.41594 0.995782 
1449598525.765808938 14 -15.9794 -4.58704 1.19877 
1449598533.190605805 14 -11.9762 -4.00229 1.19497 
1449598543.494797278 14 -10.5392 -4.00628 1.19811 
1449598607.090223579 12 -14.8719 -2.29354 0.988963 
1449598618.606227626 12 -13.5522 -1.81999 0.990423 
1449598657.802426434 14 -13.9785 -8.15474 1.11799 
1449598682.371288475 14 -10.1384 -5.21059 1.21766 
1449598691.506268057 8 -8.64995 -6.93904 1.04258 
1449598696.290506312 14 -8.24139 -5.7118 1.21068 
1449598729.129141116 15 -12.9839 -10.5819 1.06619 
1449598729.266131452 7 -13.0203 -10.6681 1.05483 
1449598739.469342197 15 -13.1485 -12.2463 1.06436 
1449598739.705858032 7 -13.0869 -12.1147 1.04911 
1449598756.105183258 9 -11.1573 -11.7782 1.01869 
1449598764.655693701 14 -7.70765 -12.3119 1.19677 
1449598768.793042589 9 -8.01736 -10.528 1.02876 
1449598782.219329521 14 -9.33413 -12.065 1.06289 
1449598782.219329521 3 -9.48509 -12.0549 1.05036 
1449598821.084120999 14 -14.3665 -5.41121 1.07438 
1449598822.956087591 0 -15.6414 -5.63887 1.09153 
1449598854.958620955 7 -12.8982 -8.69732 1.02083 
1449598854.420246159 15 -12.6971 -8.30821 1.01757 
1449598886.684252085 9 -11.068 -11.7639 1.00859 
1449598898.098789407 9 -8.03298 -10.5385 1.02543 
1449598959.250593688 14 -17.0255 -4.55835 1.01941 
1449598971.202912295 15 -12.8858 -8.50101 1.0296 
1449598971.664607296 7 -12.9904 -8.83105 1.0259 
1449598984.152320031 9 -11.3021 -11.6657 1.00605 
1449598993.087158959 14 -7.76413 -12.3735 1.19516 
1449598997.099633993 9 -8.04091 -10.4878 1.01963 
1449599004.370091591 14 -8.50259 -11.1803 1.19935 
1449599006.412249544 13 -7.80805 -10.5663 1.20199 
1449599025.656470136 14 -11.8137 -4.99541 1.19249 
1449599036.639814905 14 -11.408 -4.10049 1.20847 
1449599070.939054883 0 -16.7786 -2.56477 1.09939 
1449599076.627344440 14 -15.5846 -4.03356 1.18116 
1449599087.475970181 14 -10.0312 -5.16739 1.21098 
1449599084.894845778 3 -10.5613 -4.81751 1.27943 
1449599096.142918899 14 -7.9449 -6.69192 1.01508 
1449599132.164229021 6 -12.0928 -12.5785 1.00832 
1449599136.678511532 15 -13.2524 -12.4729 1.06349 
1449599136.946552492 7 -13.1458 -12.368 1.04516 
1449599157.946766325 9 -10.9356 -11.7563 1.00794 
1449599164.575721664 9 -8.47136 -10.5141 1.02612 
1449599182.110225827 13 -7.90281 -10.7773 1.20197 
1449599244.069843171 14 -17.4213 -4.81189 1.20845 
1449599257.628520488 14 -14.0881 -8.21523 1.12451 
1449599270.110294849 14 -14.8942 -8.73385 1.12283 
1449599279.447883915 14 -13.5555 -8.20233 1.04474 
1449599299.193366659 14 -10.2093 -5.2385 1.21851 
1449599304.323396067 14 -8.31973 -5.6927 1.20982 
1449599309.941991347 8 -8.58601 -6.91456 1.04308 
1449599392.470342632 0 -13.9392 -11.8265 1.28769 
1449599444.044040612 14 -15.5708 -4.04525 1.1811 
1449599449.569570861 14 -12.5922 -4.45077 1.19656 
1449599460.100823661 14 -10.466 -3.99702 1.19657 
1449599522.676271942 12 -14.7818 -2.41731 0.990092 
1449599535.091220251 12 -14.7433 -2.42484 0.98773 
1449599564.484730779 14 -10.0482 -5.18328 1.21167 
1449599573.111293270 14 -7.81699 -6.60688 1.01545 
1449599600.524311896 14 -7.79187 -10.7888 1.19976 
1449599628.374394719 12 -12.6069 -2.81664 1.01603 
1449599633.227592771 14 -13.8217 -1.32444 1.24337 
1449599634.233100365 12 -13.1769 -2.06769 0.993534 
1449599672.423172144 14 -10.4235 -3.90994 1.19641 
1449599722.452652242 3 -17.0092 -5.02468 1.201 
1449599724.290298908 14 -15.7585 -4.07304 1.18194 
1449599735.702434297 14 -9.91887 -5.17445 1.21155 
1449599743.402663296 14 -8.00931 -6.20353 1.02956 
1449599744.439227750 9 -7.95204 -6.88943 1.01584 
1449599761.146273410 9 -7.84021 -10.5352 1.02196 
